#    5   57  Pure-hydrogen grid                             Fri Aug 21 10:44:45 2020
 Teff  logg  M/Mo  Mbol     BC    U      B      V      R      I      J      H      Ks     Y      J      H      K      W1     W2     W3     W4    S3.6   S4.5   S5.8   S8.0    u      g      r      i      z      g      r      i      z      y      G     G_BP   G_RP   FUV    NUV      Age
  2500. 7.0  0.153 16.827  0.101 20.572 18.817 16.727 15.920 15.731 16.149 16.585 17.174 16.233 16.084 16.501 17.134 14.852 14.414 13.801 13.255 14.667 14.421 14.333 14.101 21.483 17.831 16.079 16.145 16.069 17.516 16.078 16.156 16.023 16.247 16.383 16.962 15.680 51.783 30.238 5.893E+09
  2750. 7.0  0.153 16.410 -0.089 20.097 18.477 16.499 15.642 15.184 15.493 15.961 16.388 15.572 15.435 15.889 16.350 14.481 14.102 13.527 13.035 14.325 14.110 14.010 13.795 20.988 17.543 15.873 15.661 15.541 17.246 15.863 15.663 15.500 15.696 16.034 16.736 15.249 50.261 29.446 4.242E+09
  3000. 7.0  0.154 16.029 -0.246 19.626 18.141 16.276 15.398 14.769 14.891 15.367 15.682 14.961 14.841 15.304 15.647 14.131 13.805 13.261 12.816 14.000 13.815 13.706 13.504 20.506 17.260 15.679 15.294 15.116 16.980 15.666 15.289 15.091 15.213 15.733 16.515 14.900 48.667 28.629 3.471E+09
  3250. 7.0  0.154 15.678 -0.372 19.142 17.800 16.051 15.184 14.468 14.338 14.760 14.984 14.419 14.294 14.707 14.951 13.765 13.493 12.975 12.580 13.660 13.503 13.388 13.195 20.017 16.973 15.489 15.021 14.794 16.711 15.475 15.013 14.791 14.817 15.479 16.292 14.627 46.893 27.766 3.218E+09
  3500. 7.0  0.155 15.352 -0.464 18.639 17.446 15.816 14.983 14.245 13.855 14.159 14.304 13.988 13.813 14.115 14.273 13.386 13.161 12.676 12.345 13.303 13.171 13.054 12.870 19.512 16.675 15.293 14.806 14.554 16.432 15.279 14.796 14.569 14.521 15.256 16.058 14.408 44.800 26.855 2.981E+09
  3750. 7.0  0.156 15.047 -0.524 18.124 17.078 15.571 14.783 14.056 13.473 13.587 13.638 13.684 13.430 13.553 13.608 12.990 12.797 12.375 12.140 12.926 12.807 12.693 12.531 18.994 16.363 15.086 14.614 14.361 16.139 15.073 14.605 14.385 14.299 15.045 15.811 14.216 42.316 25.837 2.652E+09
  4000. 7.0  0.157 14.760 -0.539 17.529 16.669 15.299 14.563 13.867 13.186 13.104 13.082 13.459 13.142 13.077 13.051 12.629 12.458 12.134 12.011 12.581 12.468 12.364 12.236 18.393 16.017 14.856 14.416 14.177 15.814 14.844 14.407 14.203 14.109 14.818 15.532 14.020 39.127 24.641 2.348E+09
  4250. 7.0  0.158 14.486 -0.495 16.874 16.203 14.981 14.306 13.652 12.973 12.733 12.689 13.261 12.929 12.711 12.658 12.350 12.203 11.981 11.925 12.312 12.211 12.126 12.037 17.732 15.618 14.583 14.188 13.976 15.439 14.573 14.180 13.999 13.914 14.554 15.203 13.796 34.989 23.461 2.073E+09
  4500. 7.0  0.160 14.224 -0.422 16.223 15.729 14.646 14.030 13.425 12.791 12.456 12.380 13.068 12.748 12.439 12.349 12.126 12.012 11.876 11.845 12.097 12.018 11.959 11.906 17.074 15.206 14.293 13.945 13.765 15.048 14.284 13.938 13.784 13.714 14.271 14.853 13.558 31.114 22.371 1.810E+09
  4750. 7.0  0.164 13.963 -0.344 15.587 15.262 14.306 13.747 13.190 12.611 12.248 12.144 12.871 12.569 12.234 12.112 11.952 11.870 11.782 11.764 11.932 11.874 11.835 11.801 16.432 14.795 13.995 13.694 13.547 14.657 13.988 13.688 13.561 13.508 13.978 14.496 13.313 29.015 21.313 1.494E+09
  5000. 7.0  0.170 13.704 -0.270 14.965 14.812 13.974 13.468 12.956 12.432 12.077 11.970 12.673 12.391 12.062 11.938 11.815 11.753 11.690 11.679 11.800 11.756 11.727 11.703 15.803 14.396 13.702 13.446 13.329 14.277 13.697 13.441 13.339 13.301 13.686 14.144 13.069 27.800 20.340 1.203E+09
  5250. 7.0  0.175 13.456 -0.214 14.381 14.403 13.670 13.212 12.741 12.268 11.930 11.835 12.491 12.228 11.915 11.804 11.703 11.653 11.607 11.603 11.691 11.655 11.633 11.616 15.213 14.033 13.434 13.218 13.129 13.931 13.430 13.214 13.135 13.112 13.416 13.817 12.845 26.749 19.417 1.020E+09
  5500. 7.0  0.181 13.221 -0.178 13.866 14.044 13.399 12.982 12.549 12.119 11.799 11.718 12.328 12.079 11.783 11.688 11.605 11.566 11.536 11.535 11.596 11.567 11.552 11.540 14.695 13.710 13.195 13.014 12.949 13.623 13.191 13.011 12.953 12.941 13.172 13.524 12.644 25.819 18.491 8.960E+08
  6000. 7.0  0.189 12.796 -0.144 13.071 13.454 12.940 12.595 12.227 11.870 11.583 11.532 12.055 11.832 11.565 11.503 11.452 11.431 11.426 11.421 11.446 11.432 11.427 11.425 13.900 13.172 12.791 12.672 12.650 13.105 12.788 12.670 12.647 12.657 12.757 13.028 12.307 24.371 16.780 7.035E+08
  6500. 7.0  0.193 12.424 -0.141 12.497 12.986 12.565 12.277 11.963 11.672 11.422 11.393 11.833 11.636 11.403 11.365 11.338 11.332 11.336 11.321 11.336 11.331 11.333 11.336 13.327 12.739 12.459 12.390 12.404 12.687 12.457 12.390 12.397 12.425 12.415 12.625 12.029 22.872 15.512 5.571E+08
  7000. 7.0  0.197 12.081 -0.155 12.044 12.589 12.235 11.993 11.725 11.497 11.285 11.274 11.634 11.462 11.265 11.247 11.236 11.238 11.243 11.226 11.236 11.238 11.243 11.246 12.877 12.365 12.164 12.138 12.184 12.323 12.163 12.139 12.172 12.217 12.110 12.275 11.780 21.280 14.589 4.404E+08
  7500. 7.0  0.201 11.761 -0.176 11.672 12.240 11.937 11.735 11.509 11.338 11.164 11.167 11.453 11.306 11.143 11.141 11.141 11.148 11.152 11.137 11.142 11.148 11.153 11.156 12.508 12.032 11.897 11.908 11.983 11.998 11.897 11.910 11.968 12.028 11.834 11.962 11.554 19.562 13.878 3.457E+08
  8000. 7.0  0.204 11.461 -0.200 11.359 11.925 11.661 11.497 11.310 11.192 11.055 11.069 11.285 11.163 11.032 11.043 11.051 11.061 11.066 11.052 11.053 11.061 11.066 11.068 12.198 11.728 11.650 11.696 11.798 11.700 11.650 11.699 11.780 11.855 11.579 11.677 11.345 18.042 13.308 2.683E+08
  8500. 7.0  0.208 11.179 -0.222 11.089 11.635 11.401 11.273 11.124 11.057 10.954 10.977 11.128 11.030 10.931 10.951 10.963 10.976 10.982 10.971 10.966 10.976 10.981 10.984 11.932 11.446 11.419 11.498 11.627 11.423 11.420 11.501 11.605 11.694 11.341 11.414 11.150 16.828 12.833 2.050E+08
  9000. 7.0  0.211 10.912 -0.244 10.849 11.367 11.156 11.063 10.951 10.930 10.861 10.891 10.981 10.906 10.836 10.864 10.879 10.893 10.901 10.893 10.882 10.894 10.899 10.902 11.696 11.183 11.203 11.312 11.469 11.162 11.203 11.317 11.444 11.545 11.116 11.167 10.969 15.839 12.424 1.527E+08
  9500. 7.0  0.215 10.659 -0.269 10.632 11.119 10.929 10.870 10.793 10.814 10.776 10.810 10.846 10.793 10.750 10.783 10.798 10.813 10.823 10.819 10.801 10.814 10.818 10.822 11.483 10.939 11.003 11.142 11.325 10.921 11.003 11.147 11.297 11.409 10.908 10.939 10.802 14.952 12.060 1.098E+08
 10000. 7.0  0.218 10.421 -0.308 10.438 10.899 10.729 10.701 10.658 10.714 10.702 10.738 10.730 10.694 10.676 10.711 10.724 10.738 10.750 10.750 10.727 10.739 10.743 10.748 11.291 10.724 10.828 10.996 11.202 10.708 10.828 11.002 11.172 11.292 10.725 10.738 10.659 13.940 11.738 7.746E+07
 10500. 7.0  0.221 10.194 -0.373 10.270 10.717 10.567 10.566 10.552 10.634 10.641 10.677 10.637 10.616 10.614 10.650 10.661 10.674 10.689 10.692 10.664 10.676 10.680 10.685 11.125 10.547 10.688 10.880 11.105 10.534 10.689 10.887 11.074 11.200 10.577 10.573 10.545 12.951 11.459 5.721E+07
 11000. 7.0  0.224  9.980 -0.467 10.136 10.577 10.447 10.467 10.474 10.575 10.592 10.628 10.569 10.557 10.565 10.601 10.611 10.624 10.639 10.646 10.613 10.625 10.629 10.635 10.992 10.411 10.585 10.797 11.033 10.401 10.586 10.804 11.001 11.131 10.465 10.448 10.462 12.113 11.229 4.453E+07
 11500. 7.0  0.226  9.775 -0.581 10.025 10.467 10.356 10.393 10.414 10.527 10.549 10.585 10.515 10.509 10.522 10.558 10.568 10.580 10.598 10.605 10.570 10.581 10.586 10.592 10.881 10.306 10.507 10.733 10.976 10.299 10.508 10.740 10.944 11.076 10.379 10.350 10.398 11.495 11.040 3.517E+07
 12000. 7.0  0.228  9.579 -0.687  9.902 10.354 10.265 10.315 10.349 10.474 10.502 10.539 10.457 10.456 10.475 10.512 10.524 10.537 10.557 10.566 10.526 10.538 10.544 10.551 10.757 10.201 10.426 10.664 10.914 10.196 10.427 10.672 10.881 11.016 10.289 10.251 10.329 11.103 10.852 2.796E+07
 12500. 7.0  0.231  9.390 -0.787  9.768 10.244 10.177 10.234 10.280 10.418 10.452 10.491 10.396 10.401 10.425 10.465 10.479 10.494 10.515 10.525 10.482 10.495 10.501 10.509 10.624 10.097 10.344 10.592 10.848 10.097 10.345 10.600 10.814 10.952 10.200 10.151 10.256 10.811 10.670 2.206E+07
 13000. 7.0  0.233  9.208 -0.885  9.636 10.141 10.094 10.158 10.212 10.363 10.402 10.444 10.335 10.346 10.375 10.417 10.435 10.451 10.474 10.485 10.438 10.452 10.459 10.467 10.492 10.001 10.265 10.522 10.783 10.004 10.267 10.530 10.749 10.889 10.115 10.057 10.185 10.566 10.495 1.713E+07
 13500. 7.0  0.236  9.034 -0.982  9.508 10.043 10.016 10.085 10.147 10.310 10.353 10.398 10.277 10.292 10.326 10.371 10.391 10.409 10.434 10.446 10.395 10.409 10.417 10.427 10.364  9.911 10.191 10.455 10.721  9.917 10.192 10.463 10.686 10.829 10.034  9.968 10.117 10.347 10.329 1.304E+07
 14000. 7.0  0.238  8.866 -1.077  9.386  9.952  9.943 10.016 10.085 10.259 10.306 10.353 10.222 10.241 10.279 10.327 10.350 10.368 10.395 10.408 10.353 10.369 10.377 10.387 10.241  9.826 10.120 10.391 10.661  9.835 10.122 10.399 10.625 10.771  9.958  9.884 10.052 10.146 10.170 9.767E+06
 14500. 7.0  0.240  8.704 -1.169  9.269  9.867  9.873  9.950 10.025 10.210 10.261 10.310 10.169 10.192 10.233 10.284 10.309 10.329 10.358 10.371 10.313 10.329 10.339 10.349 10.123  9.747 10.053 10.330 10.603  9.758 10.055 10.338 10.567 10.715  9.886  9.804  9.990  9.959 10.019 7.313E+06
 15000. 7.0  0.242  8.548 -1.259  9.158  9.786  9.807  9.887  9.968 10.162 10.217 10.268 10.118 10.145 10.189 10.242 10.270 10.291 10.321 10.336 10.274 10.291 10.301 10.312 10.011  9.671  9.989 10.271 10.548  9.685  9.991 10.279 10.511 10.662  9.817  9.728  9.931  9.783  9.875 5.539E+06
 15500. 7.0  0.243  8.398 -1.346  9.051  9.709  9.744  9.827  9.913 10.117 10.174 10.228 10.070 10.099 10.146 10.202 10.232 10.254 10.286 10.302 10.237 10.254 10.265 10.277  9.904  9.600  9.927 10.214 10.495  9.616  9.930 10.223 10.457 10.610  9.751  9.656  9.873  9.616  9.737 4.259E+06
 16000. 7.0  0.245  8.253 -1.430  8.949  9.636  9.682  9.769  9.860 10.072 10.133 10.189 10.022 10.055 10.105 10.163 10.196 10.218 10.252 10.269 10.200 10.218 10.230 10.242  9.802  9.531  9.868 10.160 10.443  9.549  9.871 10.168 10.405 10.561  9.687  9.586  9.818  9.457  9.605 3.330E+06
 16500. 7.0  0.247  8.112 -1.511  8.852  9.565  9.623  9.713  9.808 10.029 10.092 10.150  9.977 10.011 10.065 10.125 10.160 10.184 10.219 10.237 10.165 10.183 10.196 10.209  9.703  9.465  9.811 10.107 10.393  9.485  9.814 10.116 10.355 10.513  9.626  9.519  9.765  9.306  9.479 2.647E+06
 17000. 7.0  0.248  7.975 -1.591  8.758  9.498  9.566  9.658  9.758  9.987 10.053 10.113  9.932  9.970 10.025 10.088 10.125 10.150 10.187 10.206 10.130 10.149 10.162 10.176  9.609  9.401  9.756 10.055 10.345  9.423  9.758 10.064 10.306 10.466  9.567  9.454  9.713  9.161  9.358 2.139E+06
 20000. 7.0  0.257  7.232 -2.021  8.261  9.132  9.253  9.360  9.482  9.755  9.834  9.905  9.687  9.737  9.805  9.881  9.930  9.960 10.010 10.039  9.936  9.959  9.977  9.995  9.109  9.056  9.453  9.773 10.078  9.087  9.456  9.782 10.036 10.209  9.244  9.100  9.429  8.401  8.722 8.290E+05
 25000. 7.0  0.270  6.210 -2.599  7.598  8.622  8.809  8.936  9.087  9.415  9.513  9.601  9.330  9.397  9.484  9.578  9.645  9.687  9.761  9.799  9.654  9.686  9.711  9.738  8.444  8.573  9.023  9.370  9.695  8.615  9.027  9.380  9.649  9.838  8.786  8.603  9.023  7.412  7.887 2.206E+05
 30000. 7.0  0.282  5.372 -3.018  7.011  8.150  8.391  8.531  8.705  9.077  9.192  9.294  8.978  9.060  9.163  9.272  9.355  9.404  9.478  9.506  9.365  9.401  9.430  9.458  7.856  8.122  8.614  8.982  9.322  8.173  8.618  8.992  9.273  9.475  8.354  8.140  8.633  6.645  7.188 0.000E+00
 35000. 7.0  0.294  4.654 -3.381  6.546  7.760  8.035  8.181  8.364  8.758  8.877  8.979  8.652  8.739  8.847  8.956  9.035  9.071  9.100  9.070  9.044  9.068  9.087  9.099  7.390  7.747  8.261  8.638  8.985  7.804  8.266  8.649  8.935  9.142  7.987  7.753  8.288  6.118  6.678 0.000E+00
 40000. 7.0  0.310  4.020 -3.768  6.245  7.494  7.787  7.936  8.124  8.527  8.647  8.747  8.418  8.507  8.617  8.725  8.801  8.833  8.849  8.804  8.809  8.830  8.846  8.853  7.088  7.488  8.015  8.397  8.746  7.548  8.020  8.407  8.695  8.905  7.733  7.488  8.045  5.767  6.347 0.000E+00
 45000. 7.0  0.326  3.451 -4.140  6.016  7.286  7.591  7.741  7.933  8.340  8.460  8.560  8.230  8.320  8.431  8.538  8.612  8.641  8.649  8.596  8.619  8.638  8.653  8.657  6.860  7.285  7.820  8.205  8.555  7.347  7.825  8.215  8.504  8.715  7.533  7.282  7.853  5.498  6.097 0.000E+00
 50000. 7.0  0.344  2.936 -4.487  5.826  7.110  7.423  7.575  7.768  8.179  8.299  8.399  8.068  8.159  8.270  8.376  8.449  8.477  8.479  8.420  8.456  8.474  8.487  8.489  6.669  7.112  7.653  8.040  8.391  7.175  7.658  8.050  8.340  8.552  7.362  7.107  7.687  5.275  5.890 0.000E+00
 55000. 7.0  0.361  2.471 -4.806  5.663  6.957  7.277  7.430  7.625  8.038  8.159  8.258  7.926  8.018  8.129  8.235  8.307  8.333  8.332  8.271  8.314  8.330  8.343  8.344  6.506  6.962  7.507  7.896  8.248  7.027  7.513  7.907  8.197  8.409  7.214  6.955  7.543  5.085  5.714 0.000E+00
 60000. 7.0  0.378  2.041 -5.100  5.513  6.816  7.142  7.295  7.491  7.906  8.027  8.126  7.794  7.886  7.998  8.104  8.175  8.200  8.196  8.135  8.181  8.197  8.209  8.209  6.356  6.823  7.372  7.762  8.115  6.889  7.378  7.773  8.064  8.276  7.076  6.815  7.409  4.912  5.553 0.000E+00
 65000. 7.0  0.395  1.647 -5.372  5.380  6.690  7.020  7.174  7.371  7.788  7.909  8.008  7.675  7.768  7.880  7.985  8.056  8.081  8.075  8.015  8.062  8.078  8.089  8.088  6.223  6.698  7.251  7.642  7.996  6.765  7.256  7.653  7.944  8.157  6.953  6.689  7.288  4.758  5.410 0.000E+00
 70000. 7.0  0.413  1.277 -5.624  5.252  6.568  6.902  7.056  7.255  7.673  7.795  7.893  7.560  7.653  7.765  7.871  7.941  7.965  7.958  7.900  7.947  7.962  7.973  7.972  6.095  6.578  7.133  7.526  7.880  6.645  7.139  7.536  7.828  8.041  6.834  6.568  7.172  4.612  5.274 0.000E+00
 75000. 7.0  0.431  0.929 -5.859  5.131  6.452  6.789  6.944  7.144  7.563  7.685  7.784  7.450  7.543  7.656  7.761  7.831  7.855  7.848  7.792  7.838  7.852  7.863  7.861  5.974  6.463  7.021  7.414  7.769  6.531  7.027  7.425  7.717  7.931  6.720  6.452  7.060  4.475  5.145 0.000E+00
 80000. 7.0  0.449  0.607 -6.079  5.021  6.346  6.686  6.842  7.042  7.463  7.585  7.684  7.349  7.442  7.556  7.662  7.731  7.755  7.748  7.694  7.738  7.752  7.762  7.761  5.864  6.358  6.918  7.312  7.667  6.427  6.924  7.323  7.616  7.830  6.616  6.347  6.958  4.350  5.028 0.000E+00
 85000. 7.0  0.465  0.304 -6.285  4.918  6.247  6.589  6.746  6.947  7.369  7.492  7.591  7.255  7.348  7.462  7.568  7.638  7.661  7.655  7.604  7.644  7.659  7.669  7.667  5.761  6.260  6.822  7.217  7.573  6.329  6.828  7.228  7.521  7.735  6.518  6.248  6.863  4.234  4.919 0.000E+00
 90000. 7.0  0.482  0.017 -6.479  4.819  6.152  6.496  6.653  6.855  7.278  7.401  7.501  7.164  7.258  7.372  7.478  7.548  7.571  7.565  7.517  7.554  7.569  7.579  7.577  5.662  6.166  6.730  7.125  7.481  6.235  6.735  7.136  7.429  7.644  6.425  6.153  6.771  4.123  4.814 0.000E+00
100000. 7.0  0.513 -0.507 -6.835  4.641  5.979  6.328  6.486  6.690  7.115  7.239  7.338  6.999  7.094  7.209  7.316  7.386  7.409  7.406  7.363  7.392  7.407  7.417  7.417  5.484  5.995  6.562  6.959  7.316  6.065  6.568  6.970  7.264  7.479  6.255  5.981  6.605  3.923  4.626 0.000E+00
110000. 7.0  0.544 -0.986 -7.156  4.475  5.818  6.170  6.330  6.535  6.962  7.086  7.187  6.846  6.941  7.057  7.164  7.235  7.259  7.258  7.221  7.241  7.256  7.267  7.267  5.318  5.835  6.406  6.804  7.162  5.905  6.411  6.814  7.109  7.325  6.097  5.821  6.449  3.738  4.451 0.000E+00
120000. 7.0  0.584 -1.440 -7.448  4.306  5.653  6.008  6.169  6.375  6.804  6.930  7.031  6.687  6.784  6.900  7.008  7.080  7.104  7.106  7.075  7.086  7.101  7.112  7.114  5.149  5.671  6.244  6.644  7.002  5.742  6.250  6.654  6.950  7.166  5.934  5.656  6.289  3.553  4.274 0.000E+00
130000. 7.0  0.621 -1.855 -7.716  4.153  5.504  5.862  6.023  6.231  6.662  6.788  6.890  6.544  6.641  6.759  6.868  6.940  6.965  6.971  6.944  6.946  6.962  6.974  6.977  4.997  5.523  6.099  6.499  6.859  5.594  6.104  6.510  6.806  7.023  5.787  5.508  6.145  3.385  4.115 0.000E+00
140000. 7.0  0.653 -2.231 -7.964  4.020  5.374  5.734  5.896  6.105  6.538  6.665  6.768  6.419  6.517  6.636  6.745  6.818  6.844  6.854  6.832  6.825  6.841  6.854  6.858  4.863  5.393  5.971  6.373  6.733  5.465  5.977  6.384  6.681  6.898  5.658  5.378  6.018  3.238  3.975 0.000E+00
150000. 7.0  0.685 -2.582 -8.195  3.894  5.250  5.612  5.776  5.986  6.420  6.548  6.652  6.301  6.400  6.519  6.629  6.703  6.730  6.744  6.726  6.710  6.727  6.741  6.746  4.737  5.271  5.851  6.253  6.614  5.343  5.856  6.264  6.562  6.779  5.536  5.255  5.899  3.100  3.843 0.000E+00
  2500. 7.5  0.317 17.285  0.204 20.860 19.144 17.081 16.329 16.262 16.707 17.149 17.806 16.790 16.641 17.060 17.765 15.383 14.937 14.315 13.756 15.191 14.943 14.859 14.623 21.779 18.167 16.458 16.649 16.601 17.856 16.462 16.663 16.554 16.784 16.812 17.325 16.160 51.684 30.437 9.379E+09
  2750. 7.5  0.317 16.870  0.013 20.411 18.820 16.857 16.042 15.683 16.046 16.531 17.017 16.122 15.987 16.456 16.978 15.017 14.628 14.046 13.540 14.854 14.636 14.540 14.321 21.309 17.892 16.246 16.132 16.050 17.597 16.240 16.137 16.005 16.222 16.457 17.099 15.712 50.225 29.669 8.470E+09
  3000. 7.5  0.318 16.492 -0.152 19.964 18.502 16.644 15.797 15.238 15.449 15.951 16.327 15.511 15.398 15.884 16.291 14.678 14.343 13.792 13.329 14.540 14.351 14.248 14.042 20.848 17.624 16.056 15.740 15.603 17.346 16.045 15.738 15.570 15.726 16.152 16.886 15.347 48.723 28.899 7.689E+09
  3250. 7.5  0.318 16.143 -0.284 19.507 18.174 16.427 15.580 14.911 14.899 15.365 15.631 14.959 14.854 15.307 15.598 14.324 14.040 13.514 13.101 14.212 14.050 13.937 13.742 20.384 17.348 15.871 15.447 15.256 17.087 15.858 15.441 15.243 15.310 15.891 16.670 15.058 47.143 28.089 6.964E+09
  3500. 7.5  0.318 15.820 -0.379 19.025 17.832 16.199 15.379 14.670 14.400 14.784 14.982 14.495 14.359 14.735 14.951 13.970 13.733 13.233 12.873 13.880 13.743 13.627 13.439 19.898 17.059 15.679 15.220 14.994 16.815 15.667 15.211 15.001 14.984 15.662 16.443 14.828 45.361 27.209 6.186E+09
  3750. 7.5  0.319 15.519 -0.440 18.521 17.473 15.959 15.181 14.475 13.989 14.224 14.347 14.156 13.948 14.184 14.318 13.602 13.401 12.945 12.662 13.531 13.411 13.295 13.122 19.391 16.754 15.478 15.025 14.790 16.529 15.466 15.016 14.809 14.744 15.450 16.201 14.630 43.228 26.275 5.285E+09
  4000. 7.5  0.319 15.236 -0.469 17.982 17.090 15.705 14.976 14.294 13.680 13.715 13.749 13.917 13.637 13.684 13.719 13.228 13.051 12.679 12.510 13.174 13.061 12.952 12.807 18.848 16.430 15.264 14.837 14.612 16.225 15.253 14.829 14.634 14.552 15.236 15.942 14.444 40.650 25.269 4.499E+09
  4250. 7.5  0.320 14.971 -0.455 17.387 16.673 15.425 14.751 14.106 13.457 13.299 13.278 13.728 13.413 13.274 13.247 12.908 12.753 12.494 12.420 12.866 12.762 12.669 12.565 18.247 16.075 15.027 14.638 14.434 15.892 15.017 14.630 14.455 14.376 15.004 15.652 14.248 36.582 24.081 3.847E+09
  4500. 7.5  0.321 14.719 -0.400 16.757 16.226 15.119 14.503 13.901 13.281 12.997 12.947 13.551 13.237 12.978 12.916 12.670 12.544 12.383 12.347 12.637 12.551 12.483 12.420 17.609 15.691 14.764 14.419 14.244 15.530 14.756 14.412 14.262 14.195 14.747 15.331 14.034 32.569 22.972 3.311E+09
  4750. 7.5  0.323 14.478 -0.330 16.150 15.787 14.808 14.248 13.692 13.122 12.786 12.699 13.377 13.079 12.770 12.668 12.492 12.401 12.302 12.283 12.470 12.406 12.361 12.324 16.996 15.308 14.495 14.196 14.051 15.167 14.488 14.190 14.065 14.013 14.481 15.003 13.814 29.659 21.963 2.814E+09
  5000. 7.5  0.326 14.245 -0.260 15.569 15.367 14.505 13.997 13.486 12.969 12.628 12.528 13.206 12.927 12.613 12.497 12.366 12.300 12.232 12.221 12.350 12.303 12.272 12.246 16.409 14.939 14.231 13.975 13.860 14.817 14.225 13.970 13.870 13.834 14.219 14.681 13.598 28.352 20.986 2.223E+09
  5250. 7.5  0.330 14.020 -0.203 15.022 14.980 14.223 13.762 13.293 12.826 12.499 12.406 13.046 12.786 12.484 12.375 12.270 12.218 12.169 12.163 12.257 12.220 12.197 12.178 15.856 14.597 13.985 13.769 13.682 14.491 13.980 13.765 13.688 13.665 13.970 14.378 13.396 27.287 20.125 1.786E+09
  5500. 7.5  0.333 13.808 -0.163 14.522 14.635 13.971 13.552 13.120 12.698 12.389 12.307 12.902 12.658 12.373 12.277 12.190 12.149 12.115 12.114 12.180 12.150 12.133 12.120 15.351 14.292 13.765 13.584 13.521 14.201 13.761 13.581 13.524 13.515 13.745 14.103 13.214 26.366 19.295 1.564E+09
  6000. 7.5  0.338 13.414 -0.129 13.712 14.066 13.543 13.196 12.827 12.479 12.202 12.149 12.659 12.441 12.184 12.119 12.064 12.041 12.032 12.031 12.058 12.041 12.034 12.031 14.540 13.780 13.392 13.272 13.251 13.712 13.389 13.270 13.249 13.260 13.360 13.635 12.907 24.943 17.660 1.270E+09
  6500. 7.5  0.341 13.057 -0.130 13.124 13.612 13.187 12.897 12.583 12.298 12.053 12.023 12.456 12.262 12.035 11.995 11.966 11.957 11.962 11.950 11.962 11.956 11.958 11.960 13.954 13.363 13.080 13.010 13.025 13.310 13.078 13.010 13.018 13.047 13.036 13.248 12.650 23.529 16.315 1.048E+09
  7000. 7.5  0.343 12.727 -0.148 12.671 13.232 12.876 12.633 12.364 12.139 11.930 11.918 12.274 12.105 11.910 11.891 11.879 11.880 11.886 11.871 11.878 11.879 11.884 11.888 13.503 13.008 12.805 12.777 12.823 12.966 12.804 12.777 12.811 12.857 12.751 12.915 12.420 22.104 15.331 8.766E+08
  7500. 7.5  0.345 12.421 -0.175 12.303 12.901 12.596 12.393 12.164 11.995 11.821 11.824 12.108 11.963 11.800 11.797 11.797 11.804 11.810 11.795 11.798 11.803 11.809 11.812 13.137 12.694 12.555 12.564 12.637 12.660 12.555 12.565 12.622 12.683 12.492 12.620 12.210 20.554 14.589 7.394E+08
  8000. 7.5  0.348 12.134 -0.205 11.995 12.605 12.339 12.171 11.979 11.863 11.723 11.737 11.955 11.834 11.701 11.711 11.718 11.729 11.736 11.724 11.720 11.729 11.735 11.738 12.830 12.410 12.326 12.366 12.467 12.381 12.326 12.369 12.448 12.523 12.254 12.352 12.016 19.045 14.003 6.282E+08
  8500. 7.5  0.350 11.864 -0.235 11.729 12.336 12.098 11.964 11.807 11.741 11.633 11.656 11.813 11.714 11.610 11.630 11.643 11.656 11.666 11.656 11.645 11.656 11.663 11.667 12.567 12.149 12.112 12.183 12.309 12.124 12.112 12.186 12.287 12.375 12.033 12.106 11.836 17.787 13.522 5.369E+08
  9000. 7.5  0.352 11.609 -0.263 11.494 12.088 11.872 11.770 11.647 11.627 11.550 11.580 11.681 11.603 11.525 11.554 11.569 11.586 11.598 11.590 11.572 11.586 11.593 11.598 12.335 11.906 11.912 12.012 12.163 11.884 11.912 12.016 12.138 12.239 11.826 11.878 11.668 16.764 13.112 4.613E+08
  9500. 7.5  0.354 11.367 -0.292 11.283 11.859 11.659 11.589 11.500 11.522 11.472 11.509 11.558 11.500 11.447 11.482 11.499 11.517 11.532 11.527 11.502 11.518 11.525 11.531 12.126 11.680 11.725 11.852 12.029 11.660 11.725 11.857 12.001 12.114 11.633 11.665 11.513 15.898 12.751 3.980E+08
 10000. 7.5  0.356 11.137 -0.328 11.090 11.650 11.465 11.425 11.367 11.427 11.402 11.443 11.448 11.407 11.376 11.416 11.432 11.451 11.468 11.467 11.436 11.453 11.459 11.465 11.936 11.474 11.556 11.709 11.909 11.456 11.556 11.715 11.878 12.003 11.456 11.472 11.374 15.040 12.428 3.446E+08
 10500. 7.5  0.359 10.918 -0.380 10.920 11.469 11.299 11.286 11.256 11.346 11.341 11.385 11.355 11.328 11.315 11.358 11.373 11.391 11.409 11.413 11.376 11.392 11.397 11.404 11.767 11.296 11.411 11.588 11.808 11.279 11.411 11.595 11.775 11.908 11.305 11.304 11.256 14.075 12.143 2.991E+08
 11000. 7.5  0.361 10.710 -0.454 10.772 11.318 11.163 11.173 11.168 11.280 11.290 11.335 11.280 11.263 11.263 11.308 11.323 11.340 11.360 11.366 11.326 11.342 11.347 11.354 11.620 11.148 11.294 11.492 11.728 11.134 11.295 11.499 11.693 11.833 11.180 11.166 11.161 13.234 11.894 2.600E+08
 11500. 7.5  0.363 10.510 -0.548 10.652 11.197 11.058 11.087 11.100 11.229 11.248 11.294 11.222 11.213 11.221 11.267 11.282 11.299 11.320 11.328 11.285 11.300 11.306 11.313 11.501 11.031 11.204 11.419 11.666 11.019 11.205 11.426 11.630 11.774 11.083 11.056 11.089 12.541 11.682 2.262E+08
 12000. 7.5  0.365 10.320 -0.662 10.559 11.106 10.982 11.024 11.050 11.191 11.215 11.260 11.179 11.174 11.188 11.233 11.248 11.264 11.286 11.296 11.250 11.266 11.271 11.280 11.408 10.944 11.139 11.366 11.620 10.934 11.140 11.374 11.584 11.730 11.011 10.975 11.036 11.965 11.512 1.969E+08
 12500. 7.5  0.367 10.137 -0.771 10.461 11.015 10.908 10.962 11.000 11.151 11.179 11.225 11.135 11.134 11.152 11.198 11.213 11.230 11.254 11.265 11.216 11.232 11.238 11.247 11.310 10.858 11.074 11.313 11.572 10.850 11.075 11.321 11.535 11.684 10.940 10.894 10.982 11.581 11.347 1.715E+08
 13000. 7.5  0.368  9.962 -0.870 10.350 10.920 10.832 10.896 10.944 11.106 11.139 11.187 11.085 11.089 11.112 11.160 11.178 11.195 11.221 11.233 11.181 11.197 11.204 11.213 11.199 10.769 11.005 11.254 11.519 10.764 11.006 11.262 11.482 11.633 10.864 10.809 10.923 11.301 11.183 1.493E+08
 13500. 7.5  0.370  9.793 -0.966 10.235 10.827 10.759 10.829 10.887 11.060 11.098 11.148 11.035 11.043 11.071 11.121 11.141 11.160 11.188 11.200 11.144 11.161 11.169 11.179 11.084 10.683 10.937 11.195 11.464 10.681 10.938 11.202 11.427 11.580 10.789 10.726 10.862 11.071 11.027 1.300E+08
 14000. 7.5  0.372  9.629 -1.061 10.122 10.739 10.690 10.765 10.831 11.014 11.057 11.109 10.984 10.998 11.030 11.082 11.105 11.125 11.154 11.168 11.109 11.126 11.135 11.146 10.971 10.602 10.871 11.136 11.410 10.603 10.873 11.144 11.372 11.528 10.718 10.646 10.803 10.867 10.878 1.132E+08
 14500. 7.5  0.374  9.472 -1.153 10.013 10.656 10.625 10.704 10.776 10.970 11.017 11.070 10.936 10.953 10.989 11.044 11.069 11.090 11.121 11.135 11.073 11.091 11.100 11.112 10.861 10.525 10.809 11.080 11.358 10.529 10.810 11.088 11.319 11.477 10.649 10.570 10.745 10.681 10.735 9.872E+07
 15000. 7.5  0.376  9.319 -1.243  9.907 10.576 10.562 10.645 10.723 10.926 10.977 11.033 10.888 10.909 10.949 11.006 11.034 11.056 11.089 11.104 11.038 11.057 11.067 11.079 10.755 10.452 10.748 11.025 11.307 10.459 10.750 11.034 11.267 11.427 10.583 10.497 10.690 10.507 10.598 8.627E+07
 15500. 7.5  0.378  9.171 -1.330  9.805 10.501 10.501 10.587 10.671 10.883 10.937 10.995 10.842 10.866 10.910 10.969 11.000 11.023 11.057 11.073 11.004 11.023 11.034 11.046 10.653 10.381 10.689 10.972 11.257 10.391 10.691 10.981 11.217 11.379 10.520 10.427 10.636 10.342 10.466 7.560E+07
 16000. 7.5  0.379  9.028 -1.414  9.706 10.428 10.442 10.532 10.621 10.842 10.899 10.959 10.797 10.825 10.871 10.933 10.965 10.989 11.025 11.042 10.970 10.990 11.001 11.014 10.554 10.314 10.633 10.920 11.208 10.326 10.635 10.929 11.168 11.332 10.459 10.359 10.583 10.186 10.339 6.647E+07
 16500. 7.5  0.381  8.889 -1.496  9.611 10.358 10.386 10.478 10.571 10.801 10.861 10.923 10.753 10.784 10.833 10.897 10.932 10.957 10.994 11.012 10.937 10.957 10.969 10.983 10.459 10.249 10.578 10.870 11.160 10.264 10.580 10.878 11.120 11.286 10.399 10.293 10.532 10.036 10.217 5.866E+07
 17000. 7.5  0.383  8.754 -1.576  9.520 10.291 10.330 10.425 10.523 10.760 10.823 10.887 10.710 10.743 10.795 10.862 10.899 10.925 10.964 10.983 10.904 10.925 10.937 10.952 10.367 10.187 10.524 10.820 11.114 10.203 10.526 10.829 11.073 11.241 10.342 10.230 10.482  9.894 10.099 5.197E+07
 20000. 7.5  0.394  8.017 -2.008  9.032  9.928 10.025 10.135 10.256 10.535 10.612 10.687 10.470 10.518 10.583 10.662 10.711 10.743 10.794 10.823 10.717 10.742 10.759 10.778  9.877  9.846 10.229 10.547 10.855  9.872 10.232 10.556 10.811 10.990 10.025  9.882 10.206  9.143  9.476 2.702E+07
 25000. 7.5  0.412  7.001 -2.586  8.374  9.418  9.588  9.716  9.867 10.200 10.297 10.387 10.117 10.183 10.267 10.364 10.432 10.475 10.549 10.588 10.440 10.474 10.498 10.526  9.219  9.364  9.804 10.149 10.477  9.403  9.808 10.159 10.430 10.623  9.572  9.389  9.806  8.165  8.651 1.134E+07
 30000. 7.5  0.428  6.166 -3.007  7.792  8.946  9.174  9.316  9.489  9.865  9.978 10.082  9.767  9.848  9.949 10.060 10.143 10.192 10.267 10.294 10.153 10.190 10.218 10.246  8.635  8.916  9.399  9.765 10.107  8.964  9.404  9.776 10.058 10.262  9.143  8.928  9.419  7.413  7.962 5.633E+06
 35000. 7.5  0.444  5.458 -3.376  7.344  8.567  8.834  8.981  9.164  9.561  9.679  9.783  9.455  9.542  9.650  9.760  9.842  9.880  9.915  9.892  9.851  9.878  9.898  9.912  8.187  8.552  9.062  9.438  9.785  8.608  9.066  9.448  9.735  9.943  8.790  8.555  9.089  6.907  7.471 2.907E+06
 40000. 7.5  0.460  4.841 -3.767  7.066  8.321  8.608  8.758  8.946  9.351  9.472  9.574  9.243  9.333  9.442  9.552  9.630  9.665  9.688  9.650  9.639  9.662  9.680  9.689  7.908  8.314  8.837  9.219  9.569  8.373  8.842  9.229  9.518  9.728  8.557  8.312  8.868  6.581  7.165 1.606E+06
 45000. 7.5  0.475  4.294 -4.143  6.863  8.138  8.438  8.589  8.781  9.191  9.312  9.414  9.081  9.172  9.282  9.391  9.468  9.500  9.514  9.467  9.476  9.497  9.513  9.520  7.706  8.136  8.668  9.053  9.404  8.197  8.673  9.063  9.353  9.564  8.382  8.131  8.701  6.339  6.941 9.101E+05
 50000. 7.5  0.488  3.806 -4.493  6.702  7.990  8.299  8.452  8.645  9.059  9.180  9.282  8.948  9.039  9.151  9.259  9.334  9.364  9.373  9.320  9.342  9.361  9.377  9.381  7.544  7.991  8.530  8.917  9.270  8.054  8.535  8.928  9.218  9.430  8.240  7.985  8.565  6.146  6.764 6.132E+05
 55000. 7.5  0.503  3.360 -4.815  6.560  7.858  8.175  8.328  8.524  8.940  9.061  9.162  8.827  8.920  9.032  9.140  9.214  9.242  9.246  9.190  9.221  9.239  9.254  9.256  7.403  7.862  8.406  8.795  9.148  7.926  8.411  8.806  9.097  9.309  8.113  7.854  8.442  5.977  6.609 5.035E+05
 60000. 7.5  0.517  2.952 -5.112  6.435  7.741  8.064  8.218  8.415  8.833  8.955  9.056  8.720  8.813  8.926  9.033  9.106  9.134  9.134  9.076  9.113  9.131  9.144  9.145  7.278  7.748  8.296  8.686  9.040  7.813  8.301  8.697  8.988  9.202  8.000  7.738  8.333  5.829  6.473 3.882E+05
 65000. 7.5  0.529  2.580 -5.386  6.326  7.639  7.966  8.121  8.320  8.739  8.861  8.962  8.626  8.719  8.832  8.939  9.012  9.038  9.036  8.978  9.019  9.035  9.048  9.048  7.169  7.647  8.199  8.590  8.945  7.713  8.204  8.601  8.893  9.107  7.901  7.637  8.237  5.700  6.354 2.709E+05
 70000. 7.5  0.543  2.229 -5.641  6.220  7.538  7.870  8.026  8.225  8.646  8.768  8.868  8.532  8.625  8.739  8.846  8.918  8.944  8.940  8.882  8.925  8.941  8.953  8.952  7.063  7.548  8.103  8.495  8.850  7.615  8.108  8.506  8.799  9.012  7.803  7.537  8.142  5.576  6.240 2.632E+05
 75000. 7.5  0.559  1.898 -5.878  6.118  7.441  7.776  7.932  8.133  8.554  8.677  8.778  8.440  8.534  8.648  8.755  8.827  8.852  8.847  8.790  8.833  8.849  8.860  8.859  6.961  7.452  8.009  8.403  8.758  7.519  8.014  8.414  8.706  8.921  7.708  7.440  8.049  5.458  6.130 2.801E+05
 80000. 7.5  0.573  1.592 -6.100  6.026  7.354  7.692  7.849  8.050  8.473  8.596  8.696  8.359  8.453  8.567  8.674  8.745  8.770  8.764  8.709  8.752  8.767  8.778  8.777  6.870  7.366  7.925  8.320  8.676  7.434  7.931  8.331  8.624  8.839  7.623  7.354  7.966  5.352  6.032 2.089E+05
 85000. 7.5  0.586  1.303 -6.309  5.940  7.271  7.612  7.769  7.971  8.395  8.519  8.619  8.280  8.375  8.489  8.596  8.667  8.691  8.686  8.633  8.674  8.689  8.700  8.698  6.783  7.284  7.846  8.241  8.598  7.352  7.851  8.252  8.546  8.760  7.542  7.271  7.887  5.252  5.939 1.470E+05
 90000. 7.5  0.602  1.026 -6.505  5.853  7.187  7.531  7.689  7.892  8.316  8.440  8.540  8.201  8.296  8.411  8.518  8.589  8.612  8.607  8.556  8.595  8.610  8.620  8.619  6.696  7.201  7.765  8.161  8.518  7.270  7.770  8.172  8.466  8.681  7.460  7.188  7.807  5.153  5.847 1.079E+05
100000. 7.5  0.630  0.519 -6.865  5.696  7.036  7.384  7.543  7.747  8.173  8.298  8.398  8.058  8.153  8.268  8.376  8.446  8.470  8.465  8.419  8.453  8.467  8.478  8.477  6.539  7.052  7.619  8.016  8.374  7.121  7.624  8.027  8.322  8.537  7.312  7.037  7.662  4.975  5.680 0.000E+00
110000. 7.5  0.658  0.058 -7.190  5.552  6.896  7.248  7.408  7.613  8.041  8.166  8.267  7.925  8.021  8.137  8.244  8.315  8.338  8.336  8.294  8.321  8.336  8.346  8.346  6.395  6.913  7.483  7.882  8.240  6.983  7.489  7.893  8.188  8.404  7.175  6.898  7.528  4.812  5.527 0.000E+00
120000. 7.5  0.685 -0.364 -7.485  5.418  6.766  7.121  7.282  7.489  7.918  8.044  8.144  7.801  7.898  8.014  8.122  8.193  8.217  8.216  8.179  8.199  8.214  8.225  8.225  6.261  6.785  7.357  7.757  8.116  6.855  7.363  7.768  8.064  8.280  7.047  6.769  7.403  4.662  5.386 0.000E+00
130000. 7.5  0.712 -0.753 -7.756  5.294  6.645  7.003  7.165  7.372  7.803  7.929  8.030  7.686  7.782  7.900  8.008  8.079  8.103  8.106  8.074  8.086  8.101  8.112  8.113  6.137  6.664  7.240  7.640  8.000  6.736  7.245  7.651  7.948  8.164  6.928  6.649  7.286  4.524  5.255 0.000E+00
140000. 7.5  0.735 -1.110 -8.006  5.181  6.535  6.895  7.058  7.266  7.698  7.825  7.927  7.580  7.678  7.796  7.904  7.976  8.001  8.007  7.979  7.983  7.998  8.010  8.013  6.024  6.555  7.133  7.534  7.895  6.627  7.138  7.545  7.842  8.059  6.820  6.539  7.179  4.398  5.136 0.000E+00
150000. 7.5  0.755 -1.439 -8.237  5.080  6.437  6.799  6.962  7.172  7.605  7.732  7.835  7.487  7.585  7.703  7.812  7.885  7.910  7.919  7.896  7.891  7.907  7.920  7.924  5.923  6.457  7.037  7.439  7.800  6.529  7.043  7.450  7.748  7.965  6.723  6.441  7.085  4.285  5.029 0.000E+00
  2500. 8.0  0.575 17.889  0.297 21.312 19.632 17.592 16.891 16.950 17.412 17.841 18.552 17.493 17.345 17.752 18.511 16.041 15.589 14.965 14.393 15.844 15.593 15.518 15.280 22.235 18.669 16.990 17.314 17.286 18.362 16.999 17.331 17.239 17.470 17.393 17.842 16.796 51.812 30.791 1.280E+10
  2750. 8.0  0.575 17.475  0.105 20.875 19.315 17.370 16.597 16.342 16.747 17.228 17.772 16.822 16.687 17.150 17.733 15.683 15.287 14.703 14.183 15.513 15.294 15.205 14.984 21.778 18.397 16.772 16.765 16.716 18.105 16.770 16.773 16.667 16.899 17.033 17.615 16.331 50.407 30.061 1.223E+10
  3000. 8.0  0.575 17.096 -0.062 20.451 19.007 17.159 16.344 15.864 16.150 16.657 17.079 16.209 16.097 16.588 17.044 15.348 15.005 14.451 13.975 15.205 15.013 14.915 14.708 21.339 18.134 16.580 16.342 16.244 17.857 16.572 16.342 16.204 16.392 16.719 17.404 15.947 48.981 29.327 1.168E+10
  3250. 8.0  0.575 16.749 -0.198 20.014 18.693 16.946 16.121 15.505 15.597 16.091 16.418 15.644 15.551 16.030 16.385 15.014 14.722 14.191 13.758 14.895 14.731 14.624 14.427 20.892 17.867 16.396 16.023 15.868 17.606 16.384 16.018 15.846 15.952 16.448 17.192 15.638 47.462 28.546 1.114E+10
  3500. 8.0  0.576 16.426 -0.299 19.551 18.362 16.726 15.919 15.243 15.092 15.528 15.784 15.156 15.051 15.475 15.754 14.675 14.431 13.920 13.535 14.578 14.440 14.328 14.137 20.425 17.587 16.209 15.780 15.584 17.343 16.198 15.773 15.582 15.600 16.214 16.972 15.393 45.786 27.718 1.060E+10
  3750. 8.0  0.576 16.126 -0.365 19.071 18.015 16.491 15.721 15.037 14.660 14.978 15.157 14.784 14.621 14.934 15.128 14.323 14.115 13.638 13.321 14.246 14.125 14.010 13.829 19.942 17.291 16.012 15.579 15.366 17.064 16.001 15.570 15.378 15.337 15.998 16.736 15.189 43.967 26.836 1.003E+10
  4000. 8.0  0.576 15.845 -0.400 18.557 17.646 16.246 15.522 14.855 14.320 14.464 14.566 14.517 14.279 14.428 14.538 13.964 13.783 13.367 13.150 13.904 13.792 13.681 13.520 19.424 16.978 15.806 15.393 15.182 16.770 15.796 15.384 15.201 15.133 15.788 16.485 15.002 41.802 25.888 9.411E+09
  4250. 8.0  0.577 15.581 -0.403 18.003 17.253 15.984 15.312 14.677 14.074 14.019 14.042 14.319 14.031 13.990 14.012 13.621 13.459 13.151 13.045 13.575 13.468 13.368 13.245 18.864 16.644 15.585 15.205 15.011 16.457 15.576 15.197 15.030 14.958 15.570 16.215 14.817 38.473 24.871 8.768E+09
  4500. 8.0  0.577 15.331 -0.369 17.410 16.834 15.700 15.084 14.488 13.889 13.675 13.655 14.148 13.847 13.652 13.626 13.349 13.212 13.017 12.972 13.313 13.220 13.142 13.064 18.265 16.286 15.344 15.004 14.834 16.120 15.336 14.997 14.851 14.788 15.332 15.918 14.620 34.462 23.739 8.023E+09
  4750. 8.0  0.578 15.095 -0.313 16.812 16.411 15.408 14.846 14.293 13.734 13.436 13.372 13.983 13.692 13.417 13.342 13.147 13.044 12.928 12.906 13.121 13.049 12.998 12.953 17.660 15.920 15.092 14.795 14.654 15.775 15.085 14.790 14.667 14.617 15.083 15.608 14.415 30.704 22.712 7.110E+09
  5000. 8.0  0.580 14.869 -0.249 16.247 16.004 15.118 14.608 14.099 13.589 13.268 13.179 13.823 13.548 13.252 13.148 13.007 12.934 12.861 12.849 12.989 12.938 12.904 12.876 17.088 15.564 14.842 14.587 14.474 15.438 14.836 14.582 14.484 14.449 14.833 15.300 14.211 29.033 21.724 5.956E+09
  5250. 8.0  0.582 14.653 -0.193 15.719 15.625 14.846 14.383 13.914 13.454 13.139 13.050 13.671 13.414 13.123 13.019 12.909 12.854 12.802 12.795 12.896 12.856 12.832 12.812 16.555 15.231 14.605 14.390 14.304 15.121 14.600 14.386 14.310 14.289 14.594 15.007 14.017 27.914 20.865 4.271E+09
  5500. 8.0  0.585 14.447 -0.150 15.232 15.283 14.596 14.176 13.745 13.330 13.031 12.950 13.531 13.290 13.014 12.920 12.831 12.787 12.750 12.749 12.820 12.789 12.770 12.756 16.063 14.928 14.389 14.208 14.148 14.834 14.385 14.205 14.150 14.142 14.373 14.737 13.839 26.980 20.086 3.137E+09
  6000. 8.0  0.588 14.063 -0.111 14.399 14.710 14.174 13.826 13.458 13.118 12.852 12.796 13.293 13.081 12.834 12.767 12.708 12.682 12.670 12.671 12.701 12.683 12.674 12.669 15.227 14.418 14.022 13.901 13.883 14.348 14.019 13.900 13.880 13.893 13.993 14.272 13.538 25.543 18.566 2.333E+09
  6500. 8.0  0.590 13.711 -0.115 13.782 14.257 13.826 13.536 13.221 12.943 12.706 12.675 13.097 12.907 12.687 12.647 12.613 12.602 12.606 12.599 12.610 12.602 12.602 12.604 14.610 14.006 13.719 13.648 13.664 13.952 13.717 13.648 13.657 13.687 13.676 13.890 13.289 24.176 17.184 1.903E+09
  7000. 8.0  0.592 13.386 -0.138 13.314 13.882 13.524 13.282 13.012 12.791 12.586 12.573 12.924 12.757 12.565 12.546 12.532 12.532 12.540 12.526 12.531 12.531 12.536 12.540 14.144 13.658 13.454 13.425 13.471 13.616 13.453 13.425 13.460 13.506 13.400 13.564 13.069 22.860 16.119 1.566E+09
  7500. 8.0  0.593 13.084 -0.171 12.940 13.559 13.254 13.051 12.820 12.654 12.481 12.483 12.766 12.622 12.460 12.456 12.456 12.462 12.470 12.456 12.456 12.462 12.468 12.472 13.771 13.354 13.215 13.220 13.294 13.320 13.214 13.222 13.279 13.339 13.150 13.277 12.868 21.481 15.322 1.313E+09
  8000. 8.0  0.595 12.801 -0.207 12.628 13.274 13.007 12.838 12.643 12.529 12.387 12.400 12.619 12.499 12.365 12.374 12.382 12.393 12.401 12.389 12.384 12.392 12.399 12.403 13.461 13.081 12.994 13.031 13.130 13.052 12.994 13.033 13.111 13.186 12.922 13.018 12.682 20.045 14.704 1.114E+09
  8500. 8.0  0.596 12.535 -0.243 12.360 13.017 12.777 12.640 12.477 12.412 12.300 12.323 12.483 12.385 12.277 12.297 12.310 12.325 12.336 12.326 12.313 12.325 12.332 12.337 13.195 12.831 12.790 12.855 12.978 12.807 12.789 12.858 12.956 13.044 12.710 12.782 12.508 18.755 14.204 9.551E+08
  9000. 8.0  0.597 12.284 -0.277 12.124 12.781 12.562 12.454 12.323 12.304 12.219 12.250 12.357 12.279 12.195 12.224 12.241 12.258 12.273 12.266 12.244 12.259 12.267 12.273 12.961 12.601 12.598 12.690 12.836 12.579 12.598 12.694 12.811 12.912 12.512 12.563 12.347 17.687 13.785 8.268E+08
  9500. 8.0  0.599 12.047 -0.312 11.912 12.563 12.359 12.280 12.180 12.203 12.144 12.182 12.240 12.181 12.119 12.155 12.174 12.194 12.213 12.208 12.177 12.195 12.203 12.211 12.750 12.386 12.419 12.536 12.706 12.366 12.419 12.540 12.678 12.791 12.327 12.360 12.197 16.796 13.420 7.211E+08
 10000. 8.0  0.600 11.822 -0.349 11.719 12.363 12.170 12.120 12.049 12.111 12.074 12.117 12.133 12.091 12.048 12.090 12.110 12.132 12.154 12.153 12.113 12.133 12.141 12.150 12.559 12.189 12.254 12.395 12.587 12.169 12.254 12.400 12.556 12.681 12.156 12.172 12.060 15.998 13.096 6.330E+08
 10500. 8.0  0.602 11.607 -0.394 11.544 12.183 12.002 11.978 11.934 12.029 12.012 12.059 12.040 12.011 11.985 12.032 12.051 12.073 12.097 12.101 12.054 12.075 12.082 12.092 12.385 12.011 12.107 12.270 12.483 11.993 12.107 12.276 12.450 12.585 12.003 12.004 11.939 15.144 12.806 5.585E+08
 11000. 8.0  0.603 11.403 -0.457 11.390 12.030 11.860 11.859 11.839 11.960 11.958 12.009 11.961 11.944 11.932 11.982 12.000 12.022 12.047 12.054 12.003 12.024 12.030 12.040 12.232 11.861 11.984 12.167 12.397 11.844 11.984 12.174 12.362 12.505 11.873 11.860 11.838 14.271 12.552 4.949E+08
 11500. 8.0  0.604 11.207 -0.536 11.255 11.900 11.743 11.762 11.761 11.903 11.913 11.966 11.897 11.887 11.886 11.938 11.957 11.979 12.006 12.016 11.961 11.981 11.988 11.999 12.098 11.734 11.882 12.083 12.327 11.719 11.883 12.090 12.290 12.439 11.766 11.741 11.756 13.556 12.328 4.401E+08
 12000. 8.0  0.606 11.020 -0.627 11.141 11.792 11.648 11.682 11.699 11.857 11.874 11.929 11.845 11.841 11.847 11.902 11.922 11.944 11.972 11.983 11.925 11.946 11.953 11.964 11.985 11.629 11.800 12.016 12.269 11.616 11.800 12.023 12.232 12.385 11.677 11.641 11.689 12.977 12.128 3.925E+08
 12500. 8.0  0.607 10.841 -0.737 11.055 11.710 11.577 11.624 11.653 11.822 11.845 11.900 11.807 11.806 11.817 11.873 11.893 11.914 11.943 11.956 11.896 11.916 11.923 11.935 11.898 11.550 11.740 11.967 12.227 11.538 11.740 11.974 12.189 12.345 11.611 11.567 11.641 12.450 11.967 3.509E+08
 13000. 8.0  0.608 10.668 -0.848 10.976 11.636 11.516 11.574 11.613 11.790 11.817 11.872 11.772 11.774 11.789 11.845 11.865 11.887 11.917 11.930 11.869 11.889 11.896 11.908 11.819 11.480 11.687 11.924 12.190 11.470 11.687 11.932 12.151 12.309 11.553 11.501 11.597 12.059 11.820 3.140E+08
 13500. 8.0  0.609 10.502 -0.950 10.887 11.557 11.452 11.519 11.568 11.755 11.786 11.842 11.733 11.739 11.758 11.815 11.836 11.858 11.889 11.903 11.840 11.860 11.868 11.880 11.731 11.406 11.630 11.877 12.148 11.397 11.630 11.885 12.108 12.269 11.490 11.430 11.550 11.777 11.672 2.813E+08
 14000. 8.0  0.610 10.342 -1.044 10.790 11.475 11.387 11.462 11.520 11.716 11.752 11.809 11.690 11.700 11.724 11.782 11.806 11.828 11.861 11.876 11.810 11.830 11.839 11.851 11.634 11.329 11.570 11.826 12.102 11.323 11.571 11.834 12.062 12.225 11.425 11.357 11.499 11.551 11.529 2.523E+08
 14500. 8.0  0.611 10.188 -1.136 10.691 11.394 11.324 11.405 11.471 11.677 11.717 11.776 11.647 11.661 11.689 11.749 11.775 11.798 11.832 11.848 11.779 11.800 11.809 11.822 11.535 11.254 11.512 11.775 12.056 11.251 11.512 11.784 12.015 12.180 11.360 11.284 11.447 11.357 11.392 2.264E+08
 15000. 8.0  0.613 10.038 -1.226 10.593 11.317 11.264 11.349 11.423 11.638 11.682 11.743 11.604 11.622 11.654 11.716 11.744 11.768 11.804 11.820 11.748 11.770 11.780 11.793 11.437 11.183 11.455 11.725 12.009 11.183 11.456 11.733 11.968 12.136 11.298 11.214 11.395 11.180 11.262 2.031E+08
 15500. 8.0  0.614  9.894 -1.313 10.498 11.244 11.207 11.296 11.376 11.599 11.647 11.710 11.562 11.583 11.619 11.684 11.714 11.739 11.776 11.793 11.718 11.740 11.750 11.764 11.342 11.115 11.400 11.676 11.964 11.118 11.401 11.685 11.923 12.092 11.238 11.147 11.346 11.016 11.137 1.822E+08
 16000. 8.0  0.615  9.754 -1.398 10.405 11.173 11.152 11.244 11.330 11.561 11.613 11.677 11.520 11.545 11.585 11.651 11.684 11.710 11.748 11.766 11.688 11.711 11.722 11.736 11.249 11.051 11.347 11.629 11.920 11.056 11.348 11.637 11.878 12.049 11.180 11.083 11.297 10.862 11.016 1.635E+08
 16500. 8.0  0.616  9.618 -1.480 10.315 11.105 11.098 11.194 11.285 11.524 11.579 11.645 11.480 11.508 11.551 11.619 11.654 11.681 11.720 11.740 11.659 11.682 11.693 11.708 11.159 10.988 11.295 11.582 11.876 10.996 11.297 11.591 11.834 12.006 11.124 11.020 11.250 10.716 10.900 1.466E+08
 17000. 8.0  0.617  9.487 -1.560 10.229 11.041 11.047 11.145 11.241 11.487 11.546 11.614 11.440 11.471 11.517 11.588 11.625 11.653 11.694 11.715 11.630 11.653 11.666 11.682 11.073 10.928 11.245 11.537 11.833 10.938 11.247 11.546 11.791 11.965 11.070 10.960 11.204 10.577 10.788 1.314E+08
 20000. 8.0  0.624  8.769 -1.994  9.764 10.691 10.763 10.875 10.994 11.281 11.355 11.433 11.219 11.265 11.326 11.408 11.458 11.491 11.544 11.574 11.464 11.491 11.507 11.527 10.607 10.603 10.970 11.285 11.595 10.625 10.973 11.294 11.550 11.734 10.772 10.631 10.948  9.848 10.192 6.585E+07
 25000. 8.0  0.635  7.780 -2.572  9.135 10.202 10.353 10.484 10.634 10.973 11.067 11.161 10.891 10.957 11.038 11.137 11.205 11.250 11.325 11.365 11.214 11.249 11.273 11.301  9.977 10.145 10.573 10.915 11.245 10.180 10.576 10.925 11.197 11.394 10.344 10.162 10.575  8.902  9.399 2.026E+07
 30000. 8.0  0.646  6.970 -2.995  8.579  9.750  9.965 10.109 10.281 10.662 10.773 10.879 10.564 10.646 10.744 10.856 10.939 10.989 11.064 11.092 10.950 10.988 11.015 11.043  9.421  9.718 10.193 10.557 10.900  9.764 10.197 10.567 10.850 11.057  9.940  9.725 10.213  8.189  8.743 9.179E+06
 35000. 8.0  0.656  6.284 -3.371  8.163  9.397  9.655  9.803  9.985 10.386 10.503 10.609 10.279 10.368 10.474 10.586 10.669 10.710 10.751 10.736 10.679 10.707 10.729 10.745  9.006  9.381  9.884 10.259 10.607  9.435  9.889 10.269 10.557 10.766  9.614  9.380  9.912  7.719  8.287 5.430E+06
 40000. 8.0  0.666  5.688 -3.766  7.910  9.174  9.454  9.604  9.792 10.201 10.321 10.425 10.092 10.183 10.291 10.403 10.484 10.521 10.551 10.521 10.492 10.518 10.537 10.549  8.753  9.166  9.685 10.065 10.416  9.224  9.689 10.075 10.365 10.576  9.406  9.161  9.716  7.420  8.007 3.626E+06
 45000. 8.0  0.676  5.160 -4.145  7.730  9.011  9.305  9.457  9.649 10.062 10.183 10.287  9.951 10.043 10.154 10.265 10.344 10.378 10.400 10.360 10.352 10.375 10.394 10.402  8.572  9.008  9.537  9.921 10.273  9.069  9.542  9.931 10.222 10.434  9.252  9.001  9.571  7.201  7.806 2.594E+06
 50000. 8.0  0.686  4.687 -4.497  7.586  8.879  9.184  9.337  9.531  9.948 10.070 10.173  9.835  9.929 10.040 10.151 10.228 10.261 10.277 10.230 10.236 10.258 10.275 10.282  8.429  8.880  9.416  9.803 10.156  8.943  9.421  9.813 10.104 10.318  9.127  8.872  9.452  7.026  7.646 1.936E+06
 55000. 8.0  0.695  4.258 -4.821  7.464  8.767  9.079  9.234  9.430  9.849  9.971 10.074  9.735  9.829  9.942 10.052 10.128 10.160 10.171 10.119 10.136 10.156 10.173 10.178  8.307  8.771  9.312  9.701 10.055  8.834  9.317  9.711 10.003 10.217  9.020  8.761  9.349  6.877  7.511 1.494E+06
 60000. 8.0  0.705  3.866 -5.120  7.357  8.667  8.986  9.141  9.339  9.759  9.883  9.985  9.646  9.740  9.853  9.963 10.039 10.069 10.076 10.022 10.046 10.066 10.081 10.084  8.200  8.673  9.219  9.609  9.964  8.738  9.224  9.620  9.913 10.127  8.924  8.663  9.257  6.747  7.393 1.177E+06
 65000. 8.0  0.714  3.504 -5.397  7.260  8.577  8.901  9.057  9.256  9.678  9.802  9.904  9.564  9.658  9.772  9.881  9.957  9.986  9.990  9.934  9.964  9.982  9.997 10.000  8.103  8.585  9.134  9.526  9.882  8.650  9.140  9.537  9.830 10.044  8.837  8.573  9.174  6.630  7.287 9.411E+05
 70000. 8.0  0.723  3.168 -5.654  7.172  8.493  8.822  8.979  9.179  9.602  9.726  9.828  9.488  9.582  9.697  9.806  9.881  9.909  9.910  9.854  9.888  9.905  9.920  9.921  8.015  8.503  9.056  9.449  9.805  8.569  9.061  9.460  9.753  9.968  8.757  8.491  9.096  6.524  7.190 7.620E+05
 75000. 8.0  0.732  2.855 -5.893  7.090  8.416  8.748  8.906  9.107  9.531  9.655  9.757  9.416  9.511  9.626  9.735  9.809  9.836  9.836  9.780  9.816  9.833  9.847  9.848  7.932  8.426  8.982  9.376  9.733  8.493  8.988  9.387  9.681  9.896  8.682  8.414  9.023  6.426  7.100 6.220E+05
 80000. 8.0  0.742  2.561 -6.117  7.012  8.342  8.678  8.836  9.038  9.464  9.589  9.690  9.348  9.444  9.559  9.668  9.742  9.768  9.767  9.712  9.749  9.765  9.778  9.778  7.855  8.354  8.913  9.308  9.665  8.422  8.918  9.319  9.613  9.828  8.611  8.341  8.955  6.334  7.017 5.092E+05
 85000. 8.0  0.751  2.284 -6.328  6.940  8.273  8.612  8.771  8.974  9.400  9.525  9.627  9.284  9.380  9.495  9.604  9.678  9.703  9.701  9.647  9.684  9.700  9.713  9.713  7.783  8.286  8.847  9.243  9.600  8.354  8.852  9.254  9.548  9.764  8.544  8.272  8.889  6.249  6.938 4.167E+05
 90000. 8.0  0.760  2.023 -6.526  6.871  8.207  8.549  8.708  8.912  9.339  9.464  9.566  9.223  9.319  9.435  9.543  9.616  9.642  9.639  9.586  9.623  9.639  9.651  9.651  7.714  8.221  8.784  9.181  9.539  8.290  8.790  9.192  9.486  9.702  8.479  8.207  8.827  6.168  6.863 3.384E+05
100000. 8.0  0.778  1.540 -6.890  6.742  8.084  8.430  8.590  8.795  9.224  9.350  9.451  9.107  9.204  9.320  9.429  9.501  9.526  9.523  9.474  9.508  9.523  9.535  9.534  7.585  8.099  8.666  9.064  9.423  8.169  8.671  9.075  9.370  9.586  8.359  8.084  8.710  6.018  6.725 2.135E+05
110000. 8.0  0.796  1.101 -7.218  6.623  7.969  8.320  8.481  8.687  9.117  9.243  9.345  9.000  9.097  9.214  9.322  9.395  9.419  9.417  9.371  9.401  9.416  9.428  9.427  7.467  7.986  8.556  8.956  9.315  8.056  8.562  8.967  9.262  9.479  8.248  7.971  8.601  5.881  6.598 1.217E+05
120000. 8.0  0.813  0.700 -7.517  6.513  7.863  8.217  8.378  8.586  9.017  9.144  9.245  8.900  8.997  9.114  9.223  9.295  9.319  9.318  9.277  9.301  9.316  9.328  9.328  7.356  7.881  8.454  8.854  9.214  7.951  8.459  8.865  9.161  9.378  8.143  7.865  8.500  5.755  6.480 0.000E+00
130000. 8.0  0.831  0.329 -7.790  6.410  7.763  8.120  8.282  8.491  8.923  9.050  9.152  8.805  8.903  9.020  9.129  9.201  9.225  9.226  9.189  9.208  9.223  9.234  9.235  7.253  7.782  8.357  8.759  9.119  7.853  8.363  8.770  9.066  9.283  8.045  7.766  8.404  5.638  6.370 0.000E+00
140000. 8.0  0.846 -0.013 -8.043  6.315  7.670  8.030  8.193  8.402  8.836  8.963  9.065  8.717  8.815  8.934  9.043  9.115  9.139  9.142  9.110  9.121  9.136  9.148  9.150  7.158  7.690  8.268  8.670  9.031  7.762  8.273  8.681  8.978  9.196  7.955  7.674  8.315  5.530  6.269 0.000E+00
150000. 8.0  0.860 -0.330 -8.277  6.227  7.584  7.946  8.110  8.320  8.755  8.882  8.985  8.636  8.734  8.853  8.962  9.035  9.059  9.065  9.037  9.041  9.057  9.069  9.071  7.070  7.605  8.185  8.588  8.949  7.677  8.190  8.599  8.896  9.114  7.871  7.589  8.233  5.430  6.176 0.000E+00
  2500. 8.5  0.908 18.643  0.379 21.924 20.275 18.263 17.618 17.786 18.246 18.671 19.401 18.331 18.178 18.580 19.360 16.838 16.378 15.750 15.171 16.638 16.383 16.309 16.070 22.850 19.322 17.691 18.133 18.118 19.019 17.705 18.153 18.071 18.301 18.130 18.524 17.587 52.086 31.323 1.266E+10
  2750. 8.5  0.908 18.229  0.185 21.496 19.967 18.044 17.314 17.156 17.581 18.059 18.618 17.657 17.520 17.980 18.578 16.480 16.077 15.488 14.963 16.308 16.084 15.996 15.774 22.402 19.059 17.464 17.557 17.531 18.770 17.466 17.568 17.482 17.721 17.766 18.295 17.107 50.736 30.594 1.245E+10
  3000. 8.5  0.908 17.851  0.023 21.086 19.667 17.828 17.048 16.654 16.997 17.501 17.938 17.054 16.943 17.431 17.902 16.153 15.802 15.245 14.762 16.006 15.810 15.713 15.505 21.978 18.799 17.260 17.107 17.046 18.523 17.254 17.110 17.001 17.212 17.443 18.076 16.706 49.401 29.891 1.227E+10
  3250. 8.5  0.908 17.503 -0.116 20.668 19.363 17.619 16.817 16.264 16.450 16.951 17.295 16.489 16.403 16.889 17.261 15.831 15.530 14.995 14.553 15.707 15.538 15.433 15.234 21.550 18.539 17.074 16.761 16.645 18.278 17.065 16.758 16.615 16.759 17.162 17.866 16.378 47.961 29.163 1.209E+10
  3500. 8.5  0.908 17.181 -0.222 20.231 19.045 17.403 16.611 15.975 15.942 16.407 16.688 15.983 15.901 16.352 16.658 15.508 15.254 14.739 14.340 15.406 15.263 15.154 14.961 21.106 18.268 16.890 16.498 16.335 18.022 16.879 16.491 16.324 16.381 16.919 17.651 16.116 46.386 28.372 1.189E+10
  3750. 8.5  0.908 16.881 -0.296 19.768 18.711 17.177 16.415 15.755 15.492 15.871 16.092 15.576 15.454 15.824 16.064 15.176 14.962 14.471 14.127 15.094 14.972 14.859 14.673 20.639 17.982 16.699 16.287 16.098 17.754 16.688 16.279 16.103 16.091 16.701 17.423 15.902 44.652 27.536 1.167E+10
  4000. 8.5  0.908 16.601 -0.336 19.279 18.353 16.937 16.218 15.568 15.124 15.360 15.517 15.277 15.084 15.320 15.490 14.835 14.649 14.204 13.945 14.769 14.659 14.547 14.375 20.147 17.677 16.497 16.098 15.905 17.467 16.487 16.091 15.919 15.869 16.491 17.179 15.712 42.747 26.649 1.140E+10
  4250. 8.5  0.909 16.337 -0.348 18.751 17.975 16.685 16.016 15.393 14.847 14.899 14.981 15.061 14.806 14.866 14.954 14.495 14.327 13.967 13.818 14.443 14.337 14.231 14.088 19.614 17.355 16.286 15.916 15.733 17.165 16.277 15.908 15.750 15.688 16.279 16.920 15.530 40.619 25.691 1.108E+10
  4500. 8.5  0.909 16.089 -0.330 18.188 17.577 16.419 15.803 15.215 14.647 14.519 14.542 14.888 14.605 14.492 14.514 14.195 14.049 13.806 13.741 14.155 14.057 13.968 13.870 19.045 17.017 16.061 15.728 15.565 16.847 16.054 15.721 15.581 15.523 16.056 16.642 15.345 36.428 24.665 1.071E+10
  4750. 8.5  0.909 15.854 -0.289 17.615 17.172 16.143 15.580 15.032 14.488 14.242 14.209 14.729 14.447 14.221 14.180 13.959 13.844 13.703 13.675 13.930 13.850 13.788 13.733 18.465 16.669 15.825 15.532 15.395 16.519 15.819 15.526 15.407 15.361 15.822 16.349 15.152 32.544 23.622 1.024E+10
  5000. 8.5  0.909 15.631 -0.234 17.055 16.773 15.864 15.352 14.845 14.345 14.052 13.979 14.574 14.304 14.034 13.948 13.794 13.712 13.629 13.616 13.773 13.716 13.677 13.646 17.899 16.322 15.585 15.333 15.223 16.192 15.580 15.328 15.232 15.199 15.581 16.052 14.957 29.915 22.626 9.637E+09
  5250. 8.5  0.910 15.418 -0.182 16.538 16.402 15.600 15.135 14.668 14.214 13.916 13.833 14.427 14.174 13.899 13.802 13.686 13.626 13.570 13.563 13.671 13.629 13.602 13.580 17.376 15.997 15.356 15.143 15.059 15.884 15.352 15.139 15.065 15.045 15.350 15.768 14.770 28.707 21.734 8.748E+09
  5500. 8.5  0.911 15.215 -0.139 16.061 16.062 15.353 14.931 14.501 14.092 13.804 13.726 14.290 14.053 13.787 13.696 13.603 13.558 13.518 13.515 13.592 13.559 13.540 13.524 16.895 15.696 15.143 14.964 14.905 15.598 15.139 14.961 14.907 14.900 15.132 15.501 14.595 27.740 20.965 7.499E+09
  6000. 8.5  0.913 14.835 -0.093 15.226 15.480 14.928 14.579 14.212 13.881 13.624 13.568 14.051 13.843 13.606 13.538 13.477 13.449 13.434 13.437 13.470 13.449 13.440 13.434 16.053 15.180 14.774 14.655 14.638 15.107 14.772 14.653 14.635 14.650 14.749 15.034 14.292 26.276 19.554 5.668E+09
  6500. 8.5  0.914 14.486 -0.096 14.572 15.020 14.581 14.291 13.977 13.707 13.479 13.446 13.857 13.671 13.460 13.418 13.381 13.367 13.370 13.368 13.377 13.367 13.366 13.367 15.400 14.766 14.474 14.403 14.421 14.711 14.472 14.402 14.413 14.445 14.433 14.650 14.044 24.924 18.204 4.808E+09
  7000. 8.5  0.915 14.163 -0.124 14.081 14.646 14.286 14.044 13.774 13.559 13.359 13.345 13.689 13.525 13.339 13.318 13.302 13.300 13.310 13.299 13.300 13.300 13.304 13.309 14.910 14.422 14.217 14.186 14.234 14.380 14.216 14.187 14.222 14.269 14.163 14.328 13.832 23.677 17.067 4.094E+09
  7500. 8.5  0.916 13.862 -0.162 13.695 14.328 14.024 13.822 13.590 13.427 13.256 13.257 13.537 13.395 13.234 13.230 13.230 13.236 13.245 13.231 13.230 13.235 13.241 13.246 14.525 14.125 13.986 13.990 14.064 14.091 13.985 13.991 14.048 14.109 13.920 14.046 13.638 22.436 16.201 3.492E+09
  8000. 8.5  0.917 13.581 -0.204 13.376 14.050 13.785 13.616 13.418 13.306 13.163 13.177 13.395 13.276 13.141 13.151 13.160 13.170 13.179 13.167 13.161 13.170 13.177 13.181 14.208 13.860 13.774 13.807 13.905 13.832 13.773 13.810 13.887 13.961 13.699 13.794 13.459 21.129 15.536 2.961E+09
  8500. 8.5  0.917 13.317 -0.247 13.105 13.800 13.564 13.425 13.258 13.193 13.078 13.102 13.264 13.166 13.055 13.075 13.091 13.105 13.116 13.107 13.093 13.105 13.112 13.117 13.938 13.619 13.576 13.636 13.757 13.595 13.576 13.640 13.736 13.823 13.494 13.564 13.291 19.852 15.007 2.510E+09
  9000. 8.5  0.918 13.068 -0.288 12.867 13.573 13.356 13.246 13.108 13.089 12.999 13.030 13.141 13.064 12.975 13.004 13.023 13.041 13.056 13.050 13.026 13.041 13.049 13.055 13.701 13.397 13.391 13.476 13.619 13.376 13.391 13.480 13.595 13.694 13.303 13.353 13.135 18.744 14.571 2.113E+09
  9500. 8.5  0.919 12.832 -0.328 12.653 13.364 13.160 13.077 12.967 12.991 12.924 12.962 13.026 12.968 12.899 12.935 12.957 12.978 12.999 12.995 12.960 12.979 12.988 12.996 13.488 13.191 13.217 13.326 13.490 13.171 13.217 13.330 13.463 13.574 13.124 13.155 12.988 17.814 14.198 1.768E+09
 10000. 8.5  0.919 12.608 -0.368 12.458 13.170 12.976 12.919 12.837 12.899 12.853 12.897 12.921 12.879 12.827 12.870 12.892 12.916 12.942 12.942 12.896 12.918 12.927 12.938 13.294 13.000 13.055 13.185 13.371 12.981 13.055 13.190 13.341 13.464 12.956 12.972 12.851 17.015 13.870 1.468E+09
 10500. 8.5  0.920 12.396 -0.412 12.278 12.993 12.808 12.775 12.718 12.816 12.787 12.836 12.825 12.798 12.761 12.809 12.832 12.857 12.887 12.891 12.835 12.859 12.868 12.881 13.116 12.825 12.906 13.058 13.264 12.806 12.906 13.063 13.231 13.364 12.803 12.804 12.728 16.245 13.576 1.242E+09
 11000. 8.5  0.921 12.193 -0.467 12.117 12.837 12.660 12.649 12.616 12.743 12.730 12.782 12.742 12.727 12.703 12.755 12.777 12.802 12.834 12.843 12.780 12.805 12.813 12.826 12.955 12.671 12.777 12.947 13.171 12.653 12.777 12.954 13.136 13.278 12.668 12.656 12.620 15.416 13.315 1.076E+09
 11500. 8.5  0.922 11.999 -0.537 11.975 12.703 12.536 12.545 12.530 12.681 12.679 12.736 12.673 12.666 12.652 12.708 12.730 12.756 12.790 12.801 12.734 12.759 12.767 12.781 12.813 12.539 12.669 12.856 13.093 12.523 12.668 12.862 13.056 13.206 12.554 12.530 12.531 14.647 13.086 9.434E+08
 12000. 8.5  0.922 11.813 -0.618 11.848 12.587 12.431 12.456 12.459 12.629 12.636 12.695 12.614 12.613 12.608 12.667 12.690 12.717 12.753 12.767 12.694 12.719 12.728 12.743 12.687 12.427 12.577 12.779 13.028 12.412 12.577 12.786 12.990 13.145 12.457 12.422 12.455 14.028 12.881 8.444E+08
 12500. 8.5  0.923 11.635 -0.707 11.737 12.486 12.342 12.381 12.399 12.583 12.598 12.659 12.564 12.569 12.570 12.631 12.656 12.683 12.722 12.737 12.660 12.686 12.695 12.711 12.576 12.330 12.499 12.714 12.972 12.316 12.499 12.721 12.933 13.093 12.374 12.329 12.391 13.527 12.694 7.601E+08
 13000. 8.5  0.924 11.464 -0.806 11.646 12.404 12.270 12.321 12.351 12.547 12.567 12.630 12.524 12.533 12.539 12.602 12.628 12.655 12.695 12.711 12.632 12.658 12.667 12.683 12.486 12.251 12.437 12.663 12.929 12.238 12.437 12.671 12.888 13.052 12.307 12.253 12.341 13.078 12.531 6.854E+08
 13500. 8.5  0.924 11.299 -0.916 11.576 12.340 12.215 12.276 12.315 12.519 12.543 12.606 12.493 12.504 12.515 12.578 12.605 12.632 12.671 12.688 12.609 12.634 12.644 12.659 12.416 12.190 12.389 12.624 12.895 12.178 12.390 12.632 12.854 13.020 12.255 12.195 12.302 12.674 12.395 6.187E+08
 14000. 8.5  0.925 11.140 -1.022 11.504 12.277 12.162 12.231 12.279 12.490 12.518 12.582 12.462 12.475 12.490 12.554 12.582 12.608 12.648 12.665 12.586 12.611 12.620 12.636 12.345 12.129 12.343 12.586 12.861 12.119 12.343 12.594 12.820 12.988 12.204 12.137 12.263 12.374 12.263 5.600E+08
 14500. 8.5  0.926 10.987 -1.118 11.426 12.207 12.105 12.182 12.239 12.459 12.490 12.555 12.428 12.444 12.463 12.528 12.557 12.584 12.623 12.641 12.561 12.586 12.596 12.611 12.266 12.063 12.293 12.545 12.824 12.055 12.293 12.553 12.783 12.952 12.148 12.074 12.221 12.142 12.130 5.085E+08
 15000. 8.5  0.926 10.839 -1.209 11.342 12.136 12.048 12.132 12.198 12.425 12.461 12.527 12.392 12.410 12.433 12.500 12.530 12.558 12.598 12.617 12.535 12.560 12.570 12.586 12.183 11.996 12.240 12.501 12.785 11.990 12.241 12.509 12.743 12.915 12.091 12.010 12.177 11.948 12.002 4.633E+08
 15500. 8.5  0.927 10.696 -1.296 11.256 12.064 11.992 12.081 12.155 12.391 12.431 12.498 12.354 12.376 12.403 12.472 12.504 12.531 12.572 12.592 12.508 12.533 12.544 12.560 12.097 11.930 12.188 12.456 12.744 11.926 12.189 12.464 12.702 12.876 12.034 11.945 12.131 11.775 11.880 4.234E+08
 16000. 8.5  0.928 10.558 -1.380 11.170 11.995 11.938 12.032 12.112 12.356 12.400 12.469 12.316 12.341 12.372 12.443 12.477 12.505 12.547 12.567 12.481 12.506 12.518 12.534 12.011 11.866 12.137 12.411 12.703 11.865 12.138 12.420 12.660 12.836 11.978 11.883 12.086 11.617 11.763 3.880E+08
 16500. 8.5  0.928 10.423 -1.463 11.086 11.928 11.886 11.984 12.070 12.321 12.369 12.440 12.278 12.306 12.341 12.414 12.450 12.478 12.521 12.543 12.454 12.480 12.491 12.508 11.927 11.804 12.087 12.367 12.663 11.806 12.088 12.376 12.619 12.797 11.923 11.822 12.041 11.470 11.651 3.562E+08
 17000. 8.5  0.929 10.293 -1.543 11.003 11.864 11.836 11.937 12.028 12.287 12.338 12.411 12.241 12.272 12.310 12.384 12.422 12.452 12.496 12.519 12.427 12.453 12.466 12.483 11.844 11.744 12.039 12.324 12.623 11.749 12.040 12.333 12.579 12.758 11.871 11.763 11.997 11.330 11.544 3.277E+08
 20000. 8.5  0.932  9.583 -1.978 10.553 11.516 11.561 11.676 11.793 12.090 12.158 12.240 12.028 12.074 12.130 12.215 12.265 12.300 12.356 12.388 12.272 12.301 12.317 12.339 11.394 11.424 11.773 12.083 12.395 11.440 11.775 12.092 12.350 12.537 11.581 11.440 11.751 10.610 10.965 2.052E+08
 25000. 8.5  0.938  8.607 -2.557  9.939 11.033 11.164 11.298 11.446 11.794 11.884 11.980 11.711 11.779 11.855 11.956 12.025 12.071 12.149 12.189 12.034 12.071 12.095 12.124 10.781 10.973 11.389 11.728 12.059 11.005 11.391 11.737 12.010 12.209 11.164 10.982 11.391  9.684 10.190 9.873E+07
 30000. 8.5  0.944  7.809 -2.981  9.397 10.587 10.789 10.935 11.106 11.492 11.600 11.707 11.393 11.477 11.571 11.684 11.768 11.819 11.894 11.922 11.779 11.818 11.845 11.873 10.239 10.554 11.021 11.381 11.726 10.598 11.024 11.392 11.675 11.883 10.769 10.555 11.040  8.996  9.554 4.447E+07
 35000. 8.5  0.950  7.133 -3.365  9.003 10.248 10.497 10.647 10.828 11.232 11.348 11.455 11.125 11.215 11.318 11.432 11.517 11.560 11.607 11.599 11.527 11.558 11.580 11.599  9.845 10.232 10.729 11.101 11.451 10.284 10.733 11.112 11.399 11.610 10.461 10.227 10.756  8.551  9.123 1.605E+07
 40000. 8.5  0.955  6.546 -3.765  8.766 10.037 10.311 10.462 10.650 11.061 11.180 11.286 10.951 11.044 11.151 11.264 11.347 11.386 11.423 11.402 11.356 11.383 11.404 11.419  9.608 10.029 10.543 10.922 11.273 10.086 10.548 10.932 11.222 11.434 10.266 10.021 10.575  8.270  8.859 5.347E+06
 45000. 8.5  0.961  6.029 -4.146  8.598  9.886 10.175 10.328 10.519 10.935 11.056 11.161 10.823 10.917 11.026 11.139 11.220 11.258 11.288 11.256 11.229 11.254 11.275 11.286  9.441  9.883 10.408 10.790 11.143  9.943 10.412 10.801 11.092 11.305 10.124  9.874 10.442  8.065  8.672 2.654E+06
 50000. 8.5  0.966  5.566 -4.500  8.466  9.766 10.065 10.220 10.413 10.833 10.955 11.059 10.719 10.814 10.925 11.037 11.118 11.153 11.178 11.139 11.126 11.150 11.169 11.179  9.309  9.767 10.299 10.684 11.039  9.828 10.303 10.695 10.987 11.201 10.011  9.756 10.335  7.902  8.524 1.681E+06
 55000. 8.5  0.970  5.146 -4.826  8.356  9.664  9.972 10.127 10.323 10.745 10.868 10.972 10.631 10.726 10.838 10.950 11.030 11.064 11.084 11.040 11.038 11.061 11.079 11.087  9.199  9.668 10.206 10.594 10.949  9.731 10.211 10.604 10.897 11.111  9.915  9.656 10.243  7.765  8.401 1.185E+06
 60000. 8.5  0.975  4.763 -5.126  8.260  9.575  9.889 10.046 10.244 10.667 10.791 10.895 10.552 10.648 10.761 10.873 10.952 10.985 11.001 10.953 10.960 10.981 10.999 11.006  9.103  9.581 10.124 10.514 10.870  9.645 10.129 10.524 10.818 11.032  9.830  9.568 10.163  7.646  8.294 8.829E+05
 65000. 8.5  0.980  4.410 -5.405  8.174  9.494  9.815  9.972 10.171 10.596 10.721 10.825 10.481 10.577 10.691 10.802 10.881 10.913 10.925 10.876 10.889 10.910 10.927 10.932  9.017  9.502 10.050 10.441 10.798  9.567 10.055 10.452 10.746 10.961  9.754  9.489 10.090  7.540  8.199 6.825E+05
 70000. 8.5  0.984  4.083 -5.663  8.096  9.421  9.747  9.905 10.105 10.531 10.656 10.760 10.415 10.512 10.627 10.738 10.816 10.847 10.857 10.805 10.824 10.844 10.860 10.864  8.939  9.431  9.982 10.375 10.732  9.497  9.987 10.385 10.679 10.895  9.684  9.417 10.023  7.445  8.113 5.398E+05
 75000. 8.5  0.989  3.779 -5.904  8.024  9.353  9.683  9.842 10.043 10.471 10.596 10.700 10.354 10.451 10.567 10.678 10.755 10.785 10.793 10.741 10.763 10.782 10.798 10.801  8.867  9.364  9.919 10.313 10.670  9.431  9.924 10.324 10.618 10.834  9.619  9.350  9.960  7.357  8.034 4.322E+05
 80000. 8.5  0.993  3.494 -6.130  7.957  9.290  9.624  9.783  9.986 10.414 10.540 10.643 10.297 10.394 10.510 10.621 10.698 10.728 10.733 10.681 10.706 10.724 10.740 10.743  8.800  9.302  9.859 10.255 10.613  9.370  9.865 10.265 10.560 10.776  9.558  9.288  9.902  7.276  7.960 3.479E+05
 85000. 8.5  0.998  3.226 -6.342  7.895  9.231  9.568  9.727  9.931 10.360 10.486 10.590 10.243 10.340 10.457 10.568 10.644 10.673 10.677 10.625 10.652 10.670 10.685 10.687  8.738  9.244  9.804 10.200 10.558  9.312  9.809 10.211 10.506 10.722  9.501  9.229  9.847  7.201  7.891 2.805E+05
 90000. 8.5  1.002  2.972 -6.542  7.836  9.174  9.514  9.674  9.879 10.309 10.436 10.539 10.192 10.289 10.406 10.517 10.593 10.621 10.624 10.573 10.600 10.618 10.633 10.634  8.679  9.188  9.751 10.148 10.506  9.257  9.756 10.158 10.454 10.670  9.446  9.173  9.794  7.130  7.827 2.258E+05
100000. 8.5  1.011  2.505 -6.909  7.726  9.069  9.415  9.576  9.782 10.213 10.340 10.444 10.095 10.193 10.311 10.422 10.497 10.524 10.526 10.476 10.504 10.521 10.535 10.536  8.569  9.085  9.651 10.050 10.410  9.155  9.657 10.061 10.357 10.574  9.345  9.070  9.696  6.999  7.707 1.444E+05
110000. 8.5  1.020  2.082 -7.241  7.626  8.973  9.323  9.484  9.692 10.125 10.252 10.356 10.006 10.105 10.223 10.334 10.409 10.435 10.436 10.389 10.416 10.432 10.445 10.446  8.469  8.990  9.560  9.960 10.320  9.060  9.565  9.971 10.268 10.485  9.251  8.975  9.606  6.881  7.599 0.000E+00
120000. 8.5  1.029  1.695 -7.542  7.533  8.884  9.237  9.400  9.608 10.042 10.170 10.274  9.924 10.022 10.141 10.251 10.326 10.352 10.353 10.309 10.333 10.349 10.362 10.363  8.376  8.902  9.475  9.876 10.237  8.973  9.480  9.887 10.184 10.401  9.165  8.886  9.522  6.773  7.499 0.000E+00
130000. 8.5  1.037  1.338 -7.819  7.447  8.801  9.157  9.320  9.530  9.965 10.093 10.197  9.846  9.944 10.064 10.174 10.249 10.275 10.276 10.236 10.256 10.272 10.284 10.285  8.290  8.820  9.395  9.797 10.159  8.891  9.401  9.808 10.106 10.323  9.083  8.803  9.443  6.672  7.406 0.000E+00
140000. 8.5  1.045  1.008 -8.073  7.366  8.722  9.081  9.245  9.456  9.892 10.021 10.124  9.772  9.871  9.991 10.102 10.176 10.202 10.205 10.168 10.183 10.199 10.211 10.213  8.209  8.743  9.320  9.723 10.085  8.814  9.326  9.734 10.032 10.250  9.007  8.726  9.369  6.579  7.319 0.000E+00
150000. 8.5  1.053  0.700 -8.310  7.290  8.649  9.010  9.175  9.386  9.823  9.952 10.056  9.703  9.802  9.922 10.033 10.107 10.133 10.138 10.104 10.114 10.130 10.143 10.145  8.133  8.670  9.249  9.653 10.015  8.742  9.255  9.664  9.963 10.181  8.935  8.653  9.298  6.492  7.238 0.000E+00
  2500. 9.0  1.194 19.596  0.459 22.689 21.097 19.137 18.543 18.811 19.284 19.691 20.450 19.373 19.215 19.599 20.408 17.831 17.365 16.734 16.147 17.626 17.369 17.299 17.058 23.615 20.168 18.596 19.143 19.140 19.872 18.614 19.165 19.093 19.326 19.061 19.405 18.571 52.660 32.008 8.330E+09
  2750. 9.0  1.194 19.182  0.269 22.307 20.807 18.913 18.233 18.180 18.615 19.086 19.662 18.698 18.553 19.005 19.622 17.477 17.067 16.473 15.941 17.301 17.073 16.986 16.762 23.217 19.911 18.357 18.560 18.556 19.626 18.363 18.573 18.505 18.750 18.700 19.170 18.089 51.281 31.341 8.297E+09
  3000. 9.0  1.194 18.804  0.101 21.918 20.526 18.703 17.961 17.653 18.024 18.528 18.979 18.086 17.969 18.457 18.942 17.150 16.792 16.230 15.742 16.999 16.799 16.703 16.493 22.812 19.665 18.150 18.084 18.052 19.391 18.147 18.089 18.004 18.230 18.373 18.955 17.673 49.967 30.645 8.258E+09
  3250. 9.0  1.194 18.456 -0.081 21.549 20.309 18.537 17.731 17.228 17.444 17.962 18.315 17.483 17.396 17.899 18.282 16.819 16.512 15.975 15.530 16.693 16.520 16.416 16.216 22.433 19.486 17.973 17.709 17.615 19.219 17.965 17.708 17.582 17.737 18.095 18.781 17.322 48.467 29.894 8.207E+09
  3500. 9.0  1.194 18.134 -0.147 21.100 19.925 18.282 17.506 16.918 16.991 17.472 17.762 17.017 16.949 17.416 17.731 16.528 16.264 15.745 15.337 16.422 16.273 16.164 15.970 21.976 19.148 17.771 17.423 17.296 18.902 17.762 17.419 17.276 17.373 17.829 18.531 17.046 47.151 29.207 8.132E+09
  3750. 9.0  1.194 17.835 -0.226 20.662 19.604 18.061 17.307 16.678 16.534 16.952 17.193 16.584 16.496 16.902 17.165 16.213 15.990 15.492 15.131 16.126 15.999 15.888 15.700 21.533 18.871 17.583 17.198 17.038 18.641 17.573 17.192 17.035 17.056 17.605 18.309 16.818 45.520 28.424 8.030E+09
  4000. 9.0  1.194 17.554 -0.274 20.198 19.262 17.829 17.114 16.483 16.141 16.448 16.636 16.251 16.104 16.405 16.609 15.886 15.695 15.232 14.941 15.816 15.704 15.592 15.415 21.065 18.579 17.388 17.006 16.832 18.366 17.379 16.999 16.841 16.813 17.395 18.074 16.623 43.731 27.585 7.896E+09
  4250. 9.0  1.194 17.291 -0.294 19.694 18.896 17.585 16.918 16.307 15.834 15.982 16.109 16.010 15.794 15.946 16.083 15.558 15.387 14.988 14.798 15.501 15.396 15.288 15.131 20.558 18.266 17.184 16.824 16.656 18.073 17.175 16.818 16.669 16.621 17.187 17.823 16.442 41.764 26.695 7.777E+09
  4500. 9.0  1.194 17.043 -0.287 19.157 18.513 17.330 16.714 16.135 15.610 15.578 15.647 15.827 15.568 15.548 15.620 15.250 15.096 14.801 14.706 15.205 15.105 15.008 14.888 20.015 17.940 16.970 16.643 16.490 17.767 16.962 16.637 16.504 16.454 16.972 17.557 16.262 38.609 25.733 7.659E+09
  4750. 9.0  1.194 16.808 -0.260 18.602 18.122 17.068 16.504 15.961 15.441 15.261 15.269 15.668 15.399 15.237 15.241 14.987 14.858 14.679 14.640 14.952 14.865 14.792 14.720 19.453 17.607 16.748 16.459 16.327 17.453 16.741 16.453 16.339 16.297 16.750 17.280 16.080 34.853 24.727 7.528E+09
  5000. 9.0  1.194 16.585 -0.217 18.055 17.735 16.802 16.287 15.784 15.297 15.042 14.994 15.518 15.256 15.023 14.965 14.790 14.696 14.595 14.580 14.766 14.701 14.654 14.615 18.900 17.273 16.520 16.269 16.163 17.139 16.515 16.265 16.171 16.141 16.521 16.996 15.894 31.261 23.776 7.365E+09
  5250. 9.0  1.194 16.373 -0.170 17.546 17.369 16.543 16.075 15.611 15.166 14.888 14.816 15.374 15.126 14.870 14.785 14.660 14.594 14.531 14.525 14.643 14.596 14.567 14.543 18.386 16.952 16.297 16.085 16.004 16.835 16.292 16.081 16.009 15.991 16.295 16.717 15.712 29.740 22.814 7.155E+09
  5500. 9.0  1.194 16.171 -0.128 17.071 17.029 16.299 15.874 15.446 15.044 14.770 14.696 15.238 15.005 14.752 14.666 14.569 14.519 14.477 14.473 14.556 14.521 14.500 14.484 17.906 16.652 16.085 15.908 15.851 16.551 16.082 15.905 15.853 15.847 16.079 16.453 15.539 28.714 22.021 6.829E+09
  6000. 9.0  1.195 15.793 -0.077 16.242 16.440 15.870 15.519 15.154 14.830 14.583 14.527 14.997 14.793 14.565 14.498 14.434 14.405 14.387 14.390 14.427 14.405 14.395 14.388 17.071 16.131 15.714 15.596 15.582 16.055 15.712 15.595 15.578 15.594 15.694 15.983 15.233 27.207 20.662 5.727E+09
  6500. 9.0  1.195 15.445 -0.074 15.562 15.968 15.519 15.228 14.915 14.654 14.436 14.401 14.799 14.618 14.417 14.373 14.333 14.318 14.319 14.320 14.329 14.318 14.315 14.315 16.389 15.709 15.412 15.340 15.361 15.652 15.410 15.340 15.352 15.386 15.373 15.594 14.983 25.853 19.400 4.989E+09
  7000. 9.0  1.195 15.122 -0.104 15.040 15.589 15.226 14.985 14.715 14.507 14.315 14.299 14.633 14.473 14.294 14.272 14.253 14.249 14.260 14.253 14.251 14.249 14.252 14.257 15.868 15.365 15.158 15.126 15.176 15.322 15.157 15.127 15.164 15.212 15.104 15.270 14.773 24.643 18.237 4.544E+09
  7500. 9.0  1.196 14.823 -0.148 14.636 15.273 14.971 14.770 14.537 14.378 14.211 14.212 14.486 14.346 14.190 14.185 14.183 14.188 14.200 14.189 14.183 14.188 14.194 14.200 15.465 15.071 14.935 14.936 15.011 15.038 14.934 14.938 14.996 15.057 14.867 14.993 14.586 23.493 17.299 4.164E+09
  8000. 9.0  1.196 14.542 -0.197 14.308 15.000 14.739 14.572 14.372 14.261 14.120 14.133 14.349 14.231 14.098 14.107 14.117 14.127 14.137 14.126 14.118 14.126 14.133 14.138 15.139 14.813 14.730 14.761 14.859 14.786 14.729 14.763 14.840 14.914 14.653 14.746 14.414 22.321 16.577 3.822E+09
  8500. 9.0  1.196 14.279 -0.246 14.032 14.757 14.525 14.387 14.217 14.152 14.036 14.060 14.222 14.125 14.013 14.034 14.050 14.064 14.076 14.067 14.053 14.064 14.071 14.076 14.863 14.580 14.539 14.596 14.715 14.557 14.539 14.599 14.694 14.780 14.454 14.522 14.252 21.120 16.008 3.514E+09
  9000. 9.0  1.196 14.030 -0.295 13.791 14.537 14.325 14.214 14.071 14.051 13.958 13.990 14.103 14.026 13.934 13.963 13.985 14.003 14.018 14.012 13.988 14.003 14.011 14.017 14.624 14.366 14.361 14.441 14.581 14.346 14.360 14.444 14.557 14.655 14.269 14.317 14.100 20.003 15.546 3.230E+09
  9500. 9.0  1.197 13.795 -0.341 13.576 14.335 14.136 14.050 13.934 13.956 13.883 13.922 13.991 13.933 13.859 13.896 13.921 13.942 13.962 13.959 13.924 13.943 13.951 13.959 14.410 14.168 14.193 14.294 14.455 14.150 14.192 14.298 14.428 14.537 14.096 14.126 13.957 19.037 15.158 2.974E+09
 10000. 9.0  1.197 13.572 -0.386 13.380 14.148 13.958 13.896 13.804 13.866 13.812 13.856 13.886 13.846 13.787 13.830 13.857 13.882 13.908 13.908 13.861 13.883 13.893 13.904 14.214 13.984 14.035 14.156 14.336 13.966 14.034 14.161 14.306 14.427 13.933 13.947 13.823 18.211 14.823 2.744E+09
 10500. 9.0  1.197 13.360 -0.431 13.198 13.975 13.791 13.752 13.684 13.783 13.745 13.794 13.789 13.765 13.719 13.767 13.795 13.822 13.855 13.859 13.799 13.824 13.835 13.848 14.033 13.813 13.887 14.027 14.226 13.795 13.886 14.032 14.194 14.325 13.781 13.781 13.698 17.473 14.525 2.536E+09
 11000. 9.0  1.197 13.158 -0.482 13.032 13.817 13.640 13.622 13.576 13.706 13.683 13.736 13.702 13.690 13.656 13.709 13.736 13.765 13.802 13.810 13.740 13.767 13.777 13.793 13.868 13.657 13.752 13.911 14.127 13.639 13.752 13.917 14.093 14.234 13.642 13.630 13.585 16.719 14.258 2.344E+09
 11500. 9.0  1.197 12.965 -0.544 12.883 13.678 13.509 13.510 13.483 13.640 13.628 13.685 13.627 13.625 13.601 13.657 13.684 13.713 13.753 13.765 13.688 13.716 13.726 13.742 13.719 13.520 13.637 13.811 14.043 13.504 13.636 13.818 14.006 14.155 13.522 13.498 13.488 15.943 14.022 2.170E+09
 12000. 9.0  1.198 12.780 -0.618 12.749 13.558 13.397 13.414 13.404 13.583 13.579 13.639 13.563 13.568 13.552 13.612 13.639 13.669 13.712 13.727 13.643 13.672 13.682 13.699 13.586 13.403 13.538 13.727 13.971 13.387 13.538 13.734 13.933 14.088 13.419 13.384 13.406 15.265 13.814 2.009E+09
 12500. 9.0  1.198 12.602 -0.699 12.628 13.451 13.301 13.332 13.337 13.532 13.536 13.599 13.507 13.518 13.509 13.572 13.600 13.631 13.677 13.696 13.604 13.634 13.644 13.663 13.465 13.300 13.453 13.655 13.908 13.286 13.453 13.662 13.869 14.029 13.329 13.284 13.335 14.718 13.624 1.863E+09
 13000. 9.0  1.198 12.432 -0.785 12.519 13.356 13.217 13.260 13.277 13.487 13.498 13.563 13.457 13.474 13.470 13.536 13.566 13.597 13.647 13.667 13.570 13.601 13.611 13.632 13.356 13.208 13.379 13.592 13.854 13.196 13.378 13.599 13.813 13.978 13.249 13.195 13.273 14.271 13.449 1.727E+09
 13500. 9.0  1.198 12.267 -0.877 12.424 13.273 13.144 13.198 13.227 13.449 13.465 13.532 13.415 13.435 13.437 13.505 13.536 13.569 13.620 13.641 13.541 13.572 13.583 13.604 13.262 13.129 13.315 13.538 13.807 13.118 13.314 13.546 13.766 13.934 13.181 13.118 13.220 13.884 13.288 1.600E+09
 14000. 9.0  1.199 12.109 -0.977 12.348 13.206 13.086 13.149 13.188 13.418 13.438 13.507 13.382 13.404 13.410 13.480 13.513 13.545 13.596 13.618 13.517 13.548 13.560 13.580 13.186 13.065 13.263 13.496 13.770 13.054 13.263 13.504 13.729 13.899 13.126 13.056 13.177 13.517 13.149 1.479E+09
 14500. 9.0  1.199 11.957 -1.082 12.286 13.152 13.039 13.109 13.156 13.393 13.416 13.486 13.354 13.379 13.388 13.459 13.493 13.525 13.576 13.598 13.497 13.528 13.540 13.560 13.124 13.012 13.222 13.462 13.740 13.003 13.222 13.470 13.698 13.871 13.081 13.005 13.143 13.189 13.029 1.368E+09
 15000. 9.0  1.199 11.809 -1.183 12.222 13.096 12.992 13.069 13.123 13.367 13.394 13.465 13.326 13.353 13.366 13.438 13.473 13.505 13.555 13.577 13.477 13.508 13.519 13.539 13.061 12.959 13.181 13.428 13.710 12.951 13.181 13.436 13.668 13.842 13.036 12.955 13.109 12.934 12.910 1.262E+09
 15500. 9.0  1.199 11.667 -1.276 12.154 13.037 12.942 13.027 13.089 13.339 13.370 13.442 13.297 13.325 13.342 13.415 13.451 13.483 13.533 13.556 13.456 13.486 13.498 13.517 12.993 12.903 13.137 13.392 13.678 12.896 13.137 13.400 13.635 13.811 12.987 12.900 13.072 12.730 12.791 1.166E+09
 16000. 9.0  1.200 11.529 -1.363 12.082 12.974 12.891 12.982 13.052 13.310 13.345 13.418 13.265 13.296 13.317 13.391 13.429 13.461 13.510 13.533 13.434 13.463 13.475 13.495 12.921 12.844 13.091 13.353 13.644 12.839 13.091 13.361 13.600 13.778 12.937 12.843 13.033 12.554 12.675 1.075E+09
 16500. 9.0  1.200 11.395 -1.446 12.007 12.911 12.840 12.937 13.015 13.280 13.318 13.393 13.232 13.266 13.290 13.366 13.405 13.438 13.487 13.511 13.411 13.440 13.452 13.471 12.846 12.784 13.044 13.313 13.608 12.782 13.044 13.322 13.564 13.744 12.886 12.786 12.993 12.397 12.564 9.911E+08
 17000. 9.0  1.200 11.265 -1.526 11.931 12.848 12.791 12.892 12.976 13.249 13.291 13.367 13.198 13.235 13.263 13.341 13.381 13.414 13.463 13.488 13.387 13.416 13.429 13.448 12.771 12.726 12.997 13.273 13.572 12.725 12.998 13.282 13.527 13.710 12.835 12.729 12.952 12.252 12.458 9.118E+08
 20000. 9.0  1.202 10.558 -1.961 11.496 12.500 12.519 12.637 12.749 13.058 13.120 13.204 12.992 13.043 13.091 13.179 13.231 13.268 13.327 13.361 13.237 13.269 13.285 13.308 12.337 12.404 12.736 13.039 13.353 12.417 12.737 13.048 13.306 13.497 12.548 12.409 12.712 11.529 11.892 5.432E+08
 25000. 9.0  1.204  9.587 -2.541 10.892 12.015 12.128 12.264 12.409 12.767 12.852 12.950 12.680 12.752 12.822 12.925 12.997 13.044 13.123 13.164 13.005 13.045 13.068 13.097 11.733 11.953 12.356 12.690 13.023 11.982 12.358 12.700 12.974 13.175 12.135 11.954 12.359 10.615 11.131 2.778E+08
 30000. 9.0  1.206  8.793 -2.966 10.358 11.568 11.758 11.906 12.074 12.468 12.572 12.680 12.365 12.453 12.542 12.657 12.742 12.794 12.870 12.898 12.753 12.793 12.819 12.848 11.200 11.535 11.993 12.350 12.695 11.578 11.996 12.360 12.644 12.853 11.744 11.529 12.012  9.948 10.509 1.641E+08
 35000. 9.0  1.208  8.121 -3.358  9.981 11.239 11.479 11.630 11.810 12.219 12.332 12.440 12.109 12.202 12.302 12.417 12.503 12.549 12.600 12.599 12.513 12.546 12.569 12.590 10.823 11.222 11.714 12.083 12.433 11.274 11.717 12.093 12.381 12.593 11.447 11.213 11.741  9.522 10.097 1.009E+08
 40000. 9.0  1.210  7.540 -3.762  9.755 11.035 11.302 11.455 11.641 12.056 12.174 12.280 11.944 12.039 12.144 12.258 12.343 12.385 12.429 12.416 12.352 12.382 12.404 12.421 10.597 11.028 11.536 11.912 12.265 11.084 11.540 11.923 12.213 12.426 11.260 11.016 11.568  9.253  9.845 6.282E+07
 45000. 9.0  1.212  7.026 -4.146  9.594 10.889 11.172 11.327 11.517 11.936 12.056 12.162 11.822 11.918 12.026 12.140 12.224 12.264 12.302 12.280 12.233 12.261 12.282 12.297 10.437 10.887 11.407 11.788 12.142 10.946 11.411 11.798 12.090 12.304 11.125 10.874 11.441  9.056  9.666 3.855E+07
 50000. 9.0  1.215  6.567 -4.502  9.468 10.773 11.068 11.224 11.417 11.839 11.961 12.067 11.724 11.820 11.931 12.044 12.128 12.166 12.199 12.170 12.137 12.163 12.184 12.197 10.311 10.775 11.303 11.687 12.042 10.835 11.308 11.698 11.990 12.205 11.017 10.761 11.339  8.899  9.524 2.198E+07
 55000. 9.0  1.217  6.150 -4.829  9.363 10.675 10.979 11.136 11.331 11.756 11.879 11.985 11.640 11.737 11.849 11.963 12.045 12.082 12.111 12.077 12.054 12.079 12.099 12.111 10.205 10.680 11.215 11.602 11.957 10.742 11.220 11.612 11.905 12.120 10.925 10.666 11.253  8.767  9.406 1.005E+07
 60000. 9.0  1.220  5.770 -5.131  9.271 10.590 10.901 11.059 11.256 11.682 11.806 11.912 11.566 11.663 11.777 11.890 11.972 12.008 12.034 11.995 11.981 12.005 12.025 12.035 10.113 10.596 11.137 11.526 11.882 10.660 11.142 11.537 11.830 12.046 10.844 10.582 11.176  8.653  9.303 3.154E+06
 65000. 9.0  1.222  5.421 -5.411  9.189 10.514 10.831 10.989 11.188 11.616 11.741 11.847 11.499 11.597 11.711 11.825 11.906 11.942 11.964 11.922 11.915 11.938 11.958 11.967 10.032 10.522 11.067 11.458 11.815 10.587 11.072 11.469 11.763 11.979 10.772 10.507 11.108  8.552  9.212 1.250E+06
 70000. 9.0  1.224  5.097 -5.670  9.116 10.445 10.767 10.926 11.127 11.556 11.681 11.787 11.438 11.536 11.652 11.765 11.846 11.881 11.900 11.856 11.855 11.877 11.896 11.904  9.959 10.455 11.004 11.396 11.754 10.520 11.009 11.407 11.701 11.917 10.706 10.439 11.045  8.461  9.131 6.591E+05
 75000. 9.0  1.226  4.796 -5.913  9.049 10.381 10.709 10.868 11.070 11.500 11.626 11.732 11.382 11.480 11.597 11.710 11.791 11.825 11.842 11.796 11.799 11.821 11.840 11.847  9.892 10.393 10.945 11.339 11.697 10.459 10.950 11.350 11.645 11.861 10.646 10.377 10.988  8.379  9.056 4.626E+05
 80000. 9.0  1.227  4.514 -6.140  8.987 10.322 10.654 10.814 11.017 11.448 11.575 11.681 11.330 11.428 11.545 11.658 11.739 11.772 11.787 11.740 11.747 11.769 11.787 11.793  9.830 10.335 10.891 11.285 11.644 10.402 10.896 11.296 11.592 11.808 10.590 10.319 10.934  8.303  8.988 3.530E+05
 85000. 9.0  1.229  4.249 -6.353  8.929 10.267 10.602 10.763 10.967 11.399 11.526 11.632 11.281 11.379 11.497 11.610 11.690 11.723 11.736 11.688 11.698 11.719 11.737 11.742  9.772 10.281 10.840 11.235 11.595 10.349 10.845 11.246 11.542 11.759 10.537 10.265 10.883  8.232  8.924 2.749E+05
 90000. 9.0  1.230  4.000 -6.554  8.874 10.216 10.554 10.715 10.920 11.353 11.480 11.586 11.234 11.333 11.451 11.564 11.644 11.676 11.688 11.640 11.652 11.673 11.690 11.695  9.717 10.230 10.791 11.188 11.548 10.298 10.796 11.199 11.495 11.712 10.487 10.214 10.836  8.166  8.864 2.175E+05
100000. 9.0  1.233  3.540 -6.924  8.774 10.120 10.463 10.625 10.832 11.266 11.395 11.501 11.147 11.247 11.365 11.479 11.558 11.589 11.598 11.551 11.566 11.586 11.602 11.606  9.617 10.136 10.701 11.100 11.460 10.205 10.707 11.111 11.408 11.625 10.395 10.120 10.747  8.045  8.754 1.391E+05
110000. 9.0  1.236  3.123 -7.258  8.683 10.033 10.381 10.544 10.752 11.187 11.317 11.422 11.068 11.167 11.287 11.400 11.479 11.509 11.517 11.471 11.487 11.506 11.522 11.525  9.526 10.050 10.619 11.019 11.380 10.120 10.625 11.030 11.328 11.545 10.311 10.034 10.666  7.936  8.655 0.000E+00
120000. 9.0  1.239  2.742 -7.562  8.599  9.952 10.304 10.468 10.677 11.114 11.244 11.350 10.994 11.094 11.214 11.328 11.406 11.435 11.442 11.398 11.414 11.432 11.447 11.450  9.443  9.971 10.543 10.944 11.306 10.041 10.549 10.955 11.253 11.471 10.233  9.954 10.591  7.837  8.564 0.000E+00
130000. 9.0  1.242  2.392 -7.841  8.522  9.877 10.233 10.397 10.607 11.045 11.176 11.281 10.925 11.025 11.146 11.259 11.337 11.366 11.373 11.331 11.345 11.363 11.378 11.381  9.365  9.897 10.472 10.874 11.237  9.968 10.478 10.885 11.184 11.402 10.160  9.880 10.521  7.745  8.480 0.000E+00
140000. 9.0  1.245  2.068 -8.098  8.449  9.807 10.166 10.330 10.542 10.981 11.111 11.217 10.860 10.961 11.082 11.195 11.273 11.301 11.308 11.269 11.280 11.298 11.313 11.316  9.293  9.828 10.405 10.809 11.172  9.899 10.411 10.820 11.119 11.337 10.092  9.811 10.455  7.661  8.401 0.000E+00
150000. 9.0  1.248  1.766 -8.336  8.381  9.741 10.102 10.268 10.480 10.920 11.051 11.156 10.799 10.900 11.021 11.134 11.212 11.240 11.247 11.211 11.219 11.237 11.251 11.254  9.224  9.762 10.342 10.746 11.110  9.834 10.348 10.757 11.057 11.276 10.028  9.745 10.392  7.581  8.328 0.000E+00
