-1.822355481905231045e+02,3.361088685186068403e+01,-1.614803357374022141e+01
-5.167167544001043780e+02,-3.159870624759291502e+01,2.370302058457689753e+01
1.240074995538766416e+02,-2.159533822298604377e+01,2.952269930603088710e+01
5.716742167332579356e+02,-9.623944682243676141e+01,-4.741786373351956740e+00
8.721482558808941121e+02,-1.054433895516132225e+01,4.466732283023068817e+01
-5.091909820355567717e+00,8.305945034524968662e+01,4.683627137482851310e+00
7.072517019438778334e+02,-8.317864133653220904e+01,-8.928845799017689444e+01
3.915438680378356366e+02,9.892924922619998540e+01,-2.739564206786924672e+01
-4.931679394994247332e+02,-6.868463261791819718e+01,3.106987850155711328e+00
-6.839878935179581276e+02,-9.338813645964246746e+01,2.422738197648492786e+01
4.239274582327448115e+01,-5.871528817083888896e+01,-3.813259366263081063e+01
-7.722725376691073507e+01,-6.578430238531255725e+01,-4.442897962166911441e+01
6.001559397657185855e+02,-5.269599005803657121e+01,-1.100283272732643525e+01
-1.944879848515977301e+02,4.342378456212543369e-01,-3.072066967843771579e+01
1.531146185587294895e+02,5.143982449751139541e+01,4.365153266173275171e+01
3.340847538469295159e+02,1.529335886169707805e+02,-9.357872245791554633e+00
4.199985813092887383e+02,1.715263343988585802e+02,1.782821047870832132e+01
-3.689458930571702240e+02,-6.504292355575637430e+01,-1.526073917918526490e+01
5.131052630578515164e+02,-1.129741535423584935e+02,4.876454640894674242e+01
-6.997718301691503484e+02,-4.279280309490563639e+01,2.177136798503889281e+01
2.899555894659456499e+02,1.949813899004236362e+01,-9.478597623720176557e+00
5.097527807222616048e+02,8.953315757835774491e+01,-7.646549007654520835e+01
2.716505833258008806e+02,1.153167646948501073e+02,1.403761155624486889e+01
3.072565119662431243e+02,-8.713882994933626946e+00,2.960403833447565347e+01
1.992853377997521420e+02,8.080874385823021555e+01,-4.593332697598270897e+00
8.549231321469733302e+01,8.067158034110191522e+01,-5.036903022752861148e+01
8.063404485105434105e+01,-7.916386438505919898e+01,2.854375395067409471e+01
4.204328533942607464e+02,1.925536500149557639e+01,3.221315090245384738e+01
4.613626226635437888e+01,2.865593739959244601e+01,-2.480279622895031366e+01
9.528631215291852641e+00,3.566563982224214158e+01,-3.411429284835219278e+01
-5.164461900816478419e+02,-8.097925076008283440e+01,3.878906386838281151e-01
9.529263397570002780e+01,-2.641128506841754131e+01,4.418866357339076956e+00
5.790546288099558296e+02,1.119225782318866749e+02,-5.600596992755865244e+01
-3.007006887799899459e+02,1.916706641515220610e+01,5.728102629009676150e+00
-8.344672161039693492e+01,-8.704944301723767808e+01,3.722323258568795268e+01
-3.975077115611110230e+02,-2.501536098377084727e+01,-6.694488851682351083e+00
-5.688219723766209199e+02,-4.713932244522226256e+00,3.027378412752015180e+01
1.562779649256976882e+02,-2.090463366486409313e+01,-6.137803736354345574e+01
-5.753487682335663749e+02,-5.726774883335953348e+01,5.821013115417564165e+01
-1.903302700879892200e+02,-2.569134035889277357e+00,-7.143679260810316123e+00
1.603029160282515022e+02,-1.385060794589280420e+01,-5.067224365866974267e+01
9.076554557378813115e+00,6.273924462683918080e+01,1.931640574578121061e+01
-1.103026138313830643e+03,-1.123343957369582853e+02,5.768898392142651943e+01
-3.341780195707872281e+02,-2.621139233941887881e+01,1.241684778585162263e+01
8.417363998749481198e+02,6.314675687858756703e+01,1.337366544332127916e+01
-8.031671267403719412e+02,-7.680587953250594069e+01,2.899075986060552168e+01
-2.491568014437132206e+02,-6.745373204159719194e+01,-4.729674931243039282e+00
4.204974865265587596e+02,-5.894545214309886916e+01,-1.470127698483712209e+01
-6.579092039455388203e+02,-3.272379059172314442e+01,5.660814000956482062e+01
-2.000311038494121476e+02,-1.695799493535616875e+00,-3.270343694802826917e+01
-5.655691048134528955e+02,-6.190379884317356129e+01,3.174660817168694749e+01
-2.009567826176582912e+02,5.541577288447150806e+01,9.523033329433800986e-01
3.158215650581673799e+02,1.120385053073896557e+02,-4.851024327581964712e+01
1.955634681294754955e+02,2.156012565333826103e+01,-5.062758898969575228e+01
4.389826169071850472e+02,1.105259859341740736e+02,3.762944336587473515e+01
-1.913403320510979029e+02,6.293570892792816096e+01,4.032823655371369398e+01
-6.241626976536902021e+02,3.976498183560011057e-01,1.027534433897049126e+01
7.167952399138121109e+02,-1.026424303725383851e+02,-5.949808028577835728e+01
4.962232864520501607e+01,1.286422163421521248e+01,1.953820222049444055e+00
2.237796745318282774e+02,9.730934611495852948e+01,1.662675722317172955e+01
-4.151301621615571094e+02,6.129437124633980716e+00,1.395585938732612874e+01
-2.069447437439159785e+02,-8.833990631603637667e+01,5.337464727962867528e+01
-2.275572262109660642e+02,-8.034669537473153866e+01,-2.446636303295282744e+01
5.520563853109792944e+02,1.237798682369052727e+02,-8.103938384484747814e+01
5.652093512552921766e+02,1.750309387025060346e+02,-6.034528784389090106e+01
6.640730941574893222e+02,-2.818231448184663179e+01,-1.028337013677968201e+02
-7.368782842107232227e+02,-6.485070287205542172e+01,4.680635867369802838e+01
2.812138192367433476e+02,1.319426525209776173e+02,2.991408618673149178e+01
9.796351636704002885e+00,8.668709961670283803e+01,-1.119728359217997138e+01
-5.676640657598042026e+02,-1.006580851903073039e+02,5.744763703699293700e+01
-3.473386664901154290e+02,-5.752320090817516274e+01,5.163684707725711576e+01
8.242149571141635533e+01,1.121477469247125072e+02,-1.075281935142871248e+01
-2.038450538814997799e+02,5.010082750009020458e+01,-1.457486747839941188e+01
-2.219569342812610557e+02,-4.050373674665934232e+00,5.832201915526205482e+01
-6.547957976310621007e+02,-1.010809965030729813e+02,1.962711512728805019e+01
-1.399313802658480199e+01,2.963762586150717482e+01,-1.371809693003038433e+01
-2.722987598187721687e+02,-6.860635339784651876e+01,-4.926982212015722951e+00
-7.558395517135522823e+00,3.831952287920016431e+01,5.736431634935897961e+01
-7.029796148679906764e+01,-4.826774554225845293e+01,-3.382139325851181866e+01
3.057536288407518441e+02,-7.028621382911779847e+01,-1.075743421492992979e+01
4.738533350765499108e+02,7.836408009094252236e+01,-3.467109634246067174e+01
1.378269233256821735e+02,5.993831368273156102e+01,3.919839201424122876e+01
-2.450401788876629325e+02,1.370640781258131824e+00,-2.789490457106484200e+01
-5.893512846896237534e+01,4.840675860015262799e+01,-2.370831989297602149e+01
1.382436226080615143e+02,-6.552866525299370437e+01,1.620951704353100098e+01
-5.505253544069246345e+02,1.340232719449257104e+01,4.450271515977578929e+01
1.750709403366611241e+02,-7.756818700141613476e+01,1.544381741473328873e+01
3.365833194982044461e+02,1.516981391992420072e+02,-7.550652982324255902e+01
-2.391829630584088591e+02,-1.070052521309278859e+02,7.946885121395297347e-02
8.232966199337390663e+02,-9.850210766947978414e+01,-1.596579242856206804e+01
-5.241442694626218781e+02,-8.219662979889611165e+01,2.113861523999020164e+00
1.213123952270402697e+02,-3.283244624620142815e+01,1.187795601642035592e+01
7.863706787683759103e+01,-9.761780974993573068e+01,-5.661987091853853826e+01
-1.187682004726293144e+03,-1.052407848796721481e+02,5.864884747367420914e+01
-3.230149641578697128e+02,1.898422214580715206e+01,-1.441876644585499889e+01
8.684750985715324987e+02,-6.874160468106438771e+01,-1.266895188285544549e+02
3.330327429728890820e+01,3.666627518528291318e+01,1.635249734896611784e+01
1.816845321953719576e+02,6.238860080105455097e+01,-1.472785563811916631e+01
-1.670891033480797887e+02,7.842331221656188234e+01,-1.268960311348244829e+01
8.959204028203992038e+02,1.423866549700866813e+02,-1.032186964074397082e+02
-4.037304210776907212e+02,-6.740063479836669558e+01,-1.641076331537622934e+01
5.816341895568061773e+02,1.077739892103448938e+01,-2.973425045055471116e+01
-2.597069976723712443e+02,-5.329219102151597554e+00,3.295827360152324559e+01
-1.768650643395251336e+02,5.256882140197167530e+01,2.198283200572883800e+01
-6.740131472270488757e+02,-7.195931785093159760e+01,3.557667430675267894e+01
6.366627397410813956e+02,-2.718759524809701134e+01,-6.145398394141771803e+01
-5.420125826014018457e+02,-4.086180942927373394e+01,8.729176647904544950e+00
-7.075670728479842637e+02,-3.234186544576365918e+01,2.131879094046323075e+01
2.270953020426006788e+02,-1.087675993319470393e+02,-8.029678550409627746e+00
2.396034453719971680e+02,-8.607369009700531137e+01,1.007993664994714322e+00
-1.087749366536195339e+01,-4.708474891917778393e+01,-2.011029763283420380e+01
6.656526479778278826e+02,1.041913435786712370e+02,9.362791386932507010e+00
-8.778014416771839024e+00,-6.775926757333834871e+01,-2.736168746855615552e+01
9.237551848840282673e+02,-1.069593271634739011e+02,-8.265334786137914591e+01
-3.285230565269463341e+02,-1.063216982353617936e+02,-1.096834718925003926e+01
2.882771863223592845e+01,-8.445672244257841044e+01,4.782453983666590602e+01
2.002581341835414150e+02,-3.123880779879414149e+00,-4.574734137682185064e+00
-1.246438336833989524e+00,9.798029767448748828e+01,-4.904491899774789943e+01
-1.291275104025469318e+02,6.027248178956777735e+01,2.130552233170087817e+01
-1.373431869011913022e+02,-1.057789137134735569e+02,-3.211712664128327788e-01
-7.063692294076463440e+01,-6.051817892127360210e-01,2.616424480773827810e+01
3.660573980871442927e+02,1.746188570611830926e+01,-8.576090309814820500e+01
2.765704358187738308e+02,9.099295972524750198e+01,1.597218305610782352e+01
1.538141661258371187e+02,-8.842259911979735421e+01,1.278282557215847959e+01
-7.012965875099876030e+02,-7.175662320858774024e+01,4.018255388303445130e+01
1.721305694155023502e+02,5.987377864731242028e+01,-4.077260658349909761e+01
3.569250153935831804e+01,9.919059512953377578e+01,1.832919953313366079e+01
4.769558048828932897e+02,-3.770972120120916315e+01,-1.172552145187364658e+01
-6.426593797238024308e+01,3.017670268552360824e+01,3.131686674611981758e+01
-6.575805758787337254e+02,-2.575354748914962499e+01,4.951081677828059924e+01
8.401496703638729286e+02,2.213508397962253298e+02,-2.016763275535545574e+00
-4.965915568590321527e+01,-3.010136586380622248e+01,-3.121287867362225654e+01
-3.303206198106468037e+02,5.271003779012328039e+01,2.602344837155264656e+01
8.685064342755420057e+02,9.634192319886177813e+01,-1.258587189335185030e+01
4.738953371187028552e+02,-1.703606062059094484e+01,1.213014316241103074e+01
-6.218785047763473131e+02,-2.082451742577360676e+01,5.036070238159474854e+01
3.901862886089804761e+02,-9.064112174827042168e+01,1.003304781426206205e+01
-1.875794409446389182e+02,-2.386468177838921179e+01,-2.242368840363891991e+01
-7.735396855308476916e+01,9.640303706101882142e+01,-4.178418417394065898e+01
6.798034396310163174e+01,3.761305688764726085e+01,1.640261947174973756e+01
-3.773485599531832122e+02,1.635740536854991944e+01,2.641669028617980786e+01
-5.816561216255014415e+02,-3.212397255649587180e+01,4.213898514330961120e+01
-9.849274414942315161e+02,-8.623810177163487367e+01,5.362798276539623998e+01
-1.642497306951054270e+01,-7.756187878604525565e+01,6.560750857026206972e+00
-9.586879499029201952e+02,-6.213820449936397949e+01,3.424809022232402356e+01
-2.687225647881041368e+01,3.350073253378553773e+00,-3.959873788007438122e+01
-5.566601058595155109e+02,-1.097506132748888206e+02,2.617703008071846682e+01
-9.251251657424472796e+02,-7.982446217464072902e+01,4.296880469599757646e+01
-4.960277107220849757e+01,2.442263169213309482e+01,-1.714344598731064195e+01
-7.748603642879970721e+01,-1.732554112305706440e-01,5.283583491344273853e+00
2.752126935086773756e+02,2.948786970180024980e+01,-6.732615311413393044e+01
-2.488768953339515519e+02,-1.162234312038908968e+01,1.524481085967057226e+01
1.846916914740745597e+01,-2.809682020486242493e+01,-4.214966509211051005e+01
1.337982331330347279e+02,-1.125719888589078153e+02,4.754903990768244881e+01
2.810412786258498272e+02,1.083245576250045161e+02,2.955274058585896668e+01
-5.831413635433818854e+01,-7.047292047313931107e-01,-4.415914174822449922e+01
-4.583111101337342461e+02,-1.065611997113387588e+02,1.102532566204828868e+00
-4.895071789321413007e+02,-1.024580679395419764e+02,5.606752699021001263e+00
1.421594981379871570e+01,-5.912466376644237442e+01,-1.832028595165523654e+01
6.901725077573200906e+01,4.479862632306576131e+01,7.315778011123732938e+00
-7.510589136000825192e+02,-7.635203633975271487e+01,4.020461222608349772e+01
-3.334586564723737183e+02,-4.756442380725800945e+01,4.116185391325934972e+01
8.260458322768363360e+01,-1.127943629143404252e+02,3.155296532113501939e+01
-2.371948487662439220e+01,-9.124407874700727916e+01,-9.549684407499228200e-01
1.625901943216081236e+01,-7.534152200287434198e+01,1.093783839496549604e+01
7.555720740037872929e+02,1.545537579012412266e+02,-1.113279727725745971e+02
4.242141411819272889e+02,-5.125213192175559129e+01,-4.415438602058361539e+01
3.631766468018497562e+02,1.271523937284811865e+02,7.855913672893194644e+00
1.550175863253678017e+02,-6.525982679465909087e+01,5.543615000388285097e+01
6.764859637070069311e+02,2.296975322514048798e+02,-2.873249715648863400e+01
2.234317205333918537e+02,4.938172940053756577e+01,-5.345784621708052953e+01
7.401534752193606437e+02,2.088488098595060194e+01,-8.785354239363179829e+01
2.208992742697778340e+02,-4.442191950336004425e+01,-5.241676624342642299e+01
-5.295507864778619478e+02,-8.860494541537690338e+00,1.066963230326401657e+01
-5.206861470758053656e+01,5.348538316013163296e+01,-3.103909812999854978e+01
-1.079989873024919689e+02,6.127069874626219814e+01,4.267049924897156643e+01
-2.987347700314012400e+01,-3.922160124444873475e+01,-3.030855512422131426e+01
2.072933029420271396e+02,-8.509208788836455994e+01,-1.574718801313804306e+01
7.665896888393610880e+02,-7.675525793559160093e+00,2.257237915075479862e+01
-3.473464303563342810e+02,3.131315227535928614e+01,4.481145485673621920e+01
3.389995120740993571e+02,8.873022659592565731e+01,-7.800661097423515855e+01
4.519751034813129991e+02,1.307163316249543072e+02,-7.882802574838648013e+01
1.031892015352388398e+03,9.807110179563439090e+01,3.890673705354031142e+01
-3.835666801336676599e+02,-2.847881088525761584e+01,-3.513857136674914727e+00
4.098685432726983890e+01,-5.518790152056055121e+01,4.167422270317322841e+01
7.199314562601625767e+02,6.127144969607196856e+01,3.627040500993641103e+01
8.897243835268275234e+02,1.872468575977338219e+02,-1.226208757364066315e+02
3.442453370809466833e+02,1.000161057927192161e+02,3.593628933963353234e+01
-5.387179253276209465e+02,-9.571251977233961838e+01,4.186626231783910157e+01
1.624474214345577820e+02,4.955080057575868580e+01,-1.169076999160216701e+01
6.352672546092521770e+02,-9.440477930864459211e+01,-4.012622480517239865e+01
7.887246950668425143e+02,1.600931515851704603e+02,-1.047678367211151595e+02
-2.202392933833191364e+02,-8.159093891556311462e+01,-5.436157520846393254e+00
-2.640530725637891010e+02,-6.481485991014972114e+01,1.379083039106490105e-01
-7.334712712580164862e+02,-2.049419280292080714e+01,1.943932612764783130e+01
1.232092311438150318e+02,-5.309840087984184720e+01,-2.934753261170286009e+01
-2.773859442091975325e+01,-1.292791160492946290e+01,6.316502079811321835e+00
-7.735227399628706735e+01,7.369752843939055253e+01,-3.304772338900654916e+01
-1.286020676820317021e+01,-1.137307071118957396e+02,1.751294161822231388e+01
4.609598949634696510e+02,1.501014450691456545e+02,2.110572792803540665e+01
-3.615908465626353063e+02,1.558525184101641514e+01,-4.405871991267247267e+00
2.398872603248194082e+02,6.584554934651343672e+01,-6.781339006860491736e-01
4.346524103813180773e+00,6.157019193781961519e+01,-5.011575257678872219e+01
3.155628300598721125e+02,-1.954772444324730429e+01,-6.630147941117893140e+01
-1.042506618672624882e+03,-1.028573291185351195e+02,4.134784693093072860e+01
-1.509758989126044071e+02,-2.626969498502219835e+01,4.175099007898040782e+01
-2.600668110384285683e+02,1.547141627131365738e+01,-2.010404962115470084e+01
-6.509446228676097235e+00,9.612541519954633884e+01,4.532401726182371249e+00
1.964958670769365199e+02,-1.049533552983147189e+02,-3.313923754970669222e+01
-3.628391267682630996e+02,-6.392860761900278277e+01,2.706537246479292946e+00
5.590609041496961709e+02,-6.690186476988984055e+01,-4.280720513594872045e+01
-4.491929679017086983e+02,-7.937296574646310887e+00,5.386194324074850215e+00
7.413198886531345124e+02,6.077173743627795943e+00,-1.014113191524197504e+02
1.867679439973510398e+02,-4.209532035650467208e+01,1.996242782652015535e+01
-2.503498658786429587e+02,-4.937787754990488054e+01,4.880608790516970430e+01
-2.598119696388368993e+02,-5.387904182751250204e+01,5.276547603245182927e+01
4.820269243025286414e+02,-9.944019216568449338e-01,2.141047252160817038e-01
-7.265236814837242036e+02,-1.111225187263218288e+02,2.025808039157681151e+01
2.014703839869616786e+01,2.593572938949607476e+01,4.436895915281610314e+01
4.918603909219855268e+02,-4.715829317128756770e+01,-5.035186286230528196e+01
-1.201937698898470899e+02,6.551510930813863354e+01,3.540939223468608077e+01
-2.413066843223957676e+02,-2.606728717993161126e+01,5.742284085471233368e+00
-1.879857632744735838e+02,-6.866674089480036969e+01,1.977790282203907424e+01
6.078906744685448302e+02,1.680346147550583282e+02,3.540621019880671128e+01
9.648876334509047865e+02,-4.085797584286233075e+01,-4.163005461521296979e+01
-2.158663172933443093e+02,1.297574256914812452e+01,-2.033458449612014363e+01
-2.613211169490818975e+01,6.701931643620794432e+01,-3.792942810989038094e+01
5.253368830829058425e+02,-5.285256138776163226e+01,-1.771867715800433984e+01
-5.647807884469859800e+02,-1.138264523798680727e+02,5.087236694189548558e+01
-4.148780835278070072e+02,-9.177929673991886261e+01,6.047500520917949984e-01
3.397543604508091448e+02,1.034919151053819775e+02,-7.002968988422794894e+01
4.324638272705526560e+02,2.377550916070565279e+01,1.633907509794291002e+01
8.230807288572725611e+02,8.056348774246718847e+01,-7.914114946226391112e+00
-3.054518004209347737e+02,-6.996969904216442160e+01,8.170736847546457682e+00
5.932325886574947162e+02,1.799066543774896445e+02,-2.430080598911656864e+01
1.087869976898236246e+03,2.943075345380966610e+02,-3.650292685498673961e+01
-1.440514455755826475e+02,5.977641517850445041e+01,1.317397915831989508e+01
-1.849470920540661609e+02,-5.204826403840734628e+01,3.093346012339108952e+01
-9.271734418677356189e+02,-7.704784763286797045e+01,3.426262557229620143e+01
-5.105612863172239031e+02,-1.606228850490333571e+01,5.357404145690401975e+01
4.910116277321778853e+02,-1.089509336789537173e+02,-9.025762862549100873e+00
1.179854867504930098e+02,4.226020089207908370e+01,-5.049006463146410795e+01
-4.439284317522245829e+02,1.644476928646041358e+01,2.747625607261808867e+01
3.052341646908525945e+02,-2.751301251277891424e+01,-6.247695828821204600e+01
-3.260991982325396066e+02,-4.704806249994743439e+01,-1.128916298270922880e+01
1.107202743931204850e+03,1.986195373726037019e+02,3.237410468418561038e+01
1.603311322791830662e+02,5.884320185500111222e+01,3.669081603677589953e+01
-4.811632372987122608e+02,-1.891811421441322238e+01,5.734011964815874052e+01
8.439143746658157852e+02,7.459769022677330952e+01,-2.057242102097005443e+01
2.004462001192900971e+02,-7.155647104539599468e+01,2.494376900421273291e+01
-2.125949203897305324e+02,-8.067965666646304612e+01,-2.416791130967533263e+01
8.742502025452820362e+02,-4.508216445489308910e+01,-8.268549144005429241e+01
4.222578322132130779e+01,-9.952217301852968490e+01,4.961584499347680577e+01
3.638799362380946150e+02,1.569911190350121899e+01,-6.545220181771227885e+01
1.114653233080553036e+02,-5.052072039392953684e+01,5.853694772577021865e+00
-1.173961781123370884e+03,-1.057823095677280776e+02,5.594714543481264712e+01
-3.069030875271259902e+02,4.583513456351680304e+01,-2.505319852514631407e+01
-3.094749302245622857e+02,-2.313835697021355031e+01,4.698411112014323976e+01
-8.187746749206331742e+02,-8.990021805280683509e+01,5.563425427654754429e+01
-6.942921314333091232e+02,-5.199229226956222050e+01,3.624648782073347064e+01
4.065289141749112787e+02,1.228885506939675309e+02,-6.790912069125494099e+01
5.515106574152773646e+02,1.852695899927057610e+01,-2.613921245374274349e+01
-1.264702975863087886e+02,-9.532761749693942477e+01,-1.357516364965474054e+01
-3.224935752689378887e+02,2.287283361575391893e+01,-9.920444116195184847e+00
-1.269392808102729759e+02,2.535831790248217033e+01,5.119686361035196143e+01
2.977219206394102002e+02,6.379486534345089410e+01,2.890899986848181413e+01
-8.502981137481287988e+01,8.582720086640027546e+01,4.074403872972816032e+00
7.433065203085984649e+02,-6.091175917590656042e+01,3.204087206953219891e+01
-1.013525789471622488e+03,-8.729518685614293361e+01,5.432980630228934160e+01
-3.862353917332279707e+02,2.091856050480525653e+01,-2.902369415975854849e+00
-2.063873093790348321e+02,-2.552877507971342652e+01,5.742863686328161776e+01
1.213215174294439294e+02,-6.483479154447384474e+01,-5.729781837085722884e+01
-2.374348279584426109e+02,4.005561414498025385e+01,3.175792855091292211e+01
-1.061050988435840281e+03,-7.979305624334493530e+01,4.572446067038823969e+01
-7.937134829461519985e+02,-4.346881402556299179e+01,4.170553149855921049e+01
7.755612835303463726e+01,1.094462392288910735e+01,4.597687796957096396e+00
-3.905964761952492381e+02,2.820493337927059940e+01,-7.798844159265470921e+00
4.215310338574440721e+02,1.706378999626251698e+02,5.808550044919388711e+01
-7.906038760906767493e+01,-1.847848096736322532e+01,5.628786507705796538e+01
-2.566442740147015229e+02,-8.086081129086244346e+01,2.945665086320168768e+00
-1.175821737259436759e+02,-1.031788752132292473e+02,2.617096062893004671e+01
-9.289607726423241729e+01,7.494141882535332400e+01,-2.501586306787406500e+01
-6.554907920498046678e+02,-5.755212866335926236e+01,3.831362118362940805e+01
-5.727264569436023294e+02,-9.116243607095927359e+01,2.107972441267232000e+01
6.928515774607831190e+00,1.053411007823061283e+02,7.382877799851151224e+00
1.821094544344075530e+02,3.102245660006688865e+01,2.836791796768923035e+01
-3.200603974174279074e+02,-1.088975649202119911e+02,4.308585584127264667e+01
-9.048887754436356090e+02,-5.647920614974221820e+01,5.652625156343999890e+01
8.187817813138644851e+01,-4.012147789406091647e+01,1.285853280338238136e+01
-2.162569470125033604e+02,-1.013452208785628272e+01,-6.795984784041877447e+00
4.013905439635111634e+02,4.335003601099980131e+01,-3.614307572425931880e+01
-5.958405225060599832e+02,-3.447643326420472931e+01,2.828104452143383796e+01
-8.112733554187202571e+02,-8.723650363889690595e+01,2.498369925097780708e+01
-1.114077235494432898e+02,8.258048384487419469e+01,-4.003143667317915799e+01
-1.569692071781266804e+02,-1.039412809628598495e+02,4.325914665586626029e+01
2.933906153806644852e+02,1.475880320278067188e+02,-3.280242347150196736e+01
3.747902504784660778e+02,1.136677761819302503e+02,-1.702037377963607412e+01
5.490460305513579442e+02,9.111599331911570232e+01,-5.638689263877247981e+01
7.591789731634821692e+01,-4.729652399392330153e+01,-1.522737495730115143e+01
-2.588277069308032878e+02,4.963430531346971009e+01,2.392898912773977571e+01
-9.763836762938674383e+02,-9.989314412520474207e+01,4.630002607022632333e+01
1.215912649802894521e+02,1.154045167354691301e+02,1.481415912309550720e+00
3.806611225052897680e+02,8.881103344142464096e+01,1.292391797237218753e+01
-2.888990975784764714e+02,-9.122544669550524077e+01,3.853889959207610616e+01
-1.103928244753569743e+01,-7.865034348104734363e+01,9.138234971590811995e+00
3.819046476301189159e+02,-1.096069776204137725e+01,-1.169877907963500263e+01
5.291233110914386089e+02,1.169145866762232941e+02,-1.030271722503491105e+01
3.471002540747804233e+00,1.004334017633803029e+02,4.291592473675265751e+01
2.576114388681141918e+02,4.050542796801811107e+01,-5.971328382947504565e+00
-2.023152422437622135e+02,1.129595231035334280e+01,-1.444358066241578342e+01
-1.709885715719030941e+02,-1.587462606159164125e+00,1.217254470023750201e+01
-6.605903790975756920e+02,-5.080883253818782919e+00,3.075964732080135278e+01
5.169669489870620964e+02,-9.904921057894935643e+01,-8.657332077077019505e+01
-1.944840663122342903e+02,7.537286584922129862e+01,2.397412425752644083e+01
-3.575223456735216132e+02,1.227500628412714434e+01,-2.277899692164517376e+01
1.359241818615598731e+02,-1.091591944635254379e+02,1.072268129137821546e+01
5.920194562793963087e+02,1.729923163754413622e+02,-1.052470221515491318e+02
1.051703205148913867e+03,1.170062515474408684e+02,-1.183152147689562668e+02
4.547944902788067338e+02,-4.157516618287975518e+01,5.691924502189612411e+01
-2.052259050193863459e+02,4.439899320429334750e+01,-2.451328390925300482e+01
-4.628326936600641375e+02,-1.015876949028775869e+02,-5.150080025705818798e+00
-6.597113537406684145e+02,-3.356929323925588449e+01,5.425288896489885815e+01
2.522140623861851054e+02,-4.360372873656432091e+01,-1.397830860103560724e+00
4.689279909780227626e+02,-8.466572386167308650e+01,-1.190983346436064494e+01
-7.306069723134305605e+01,8.352269541498326078e+01,1.487057241841839783e+01
-1.559895477490265421e+02,-5.143862064501365694e+01,-1.967291445674966610e+01
9.150500645556528525e+02,-9.581949748754486507e+01,-7.707918599527984327e+01
-7.794231324440647768e+01,1.172866931530890611e+00,4.574908053352435644e+01
7.047218175854318361e+02,9.334606470625929830e+01,-1.022930278020544250e+02
1.246676391823846188e+02,-8.791532383258397942e+01,-3.438899809109993555e+01
1.409033255319400268e+02,-1.134909763295794818e+02,4.388090073445847850e+01
5.651208714033361957e+02,-8.612449246300054995e+01,-7.413536614831876648e+01
-1.683101161814740863e+02,4.123406526131201133e+01,4.876254218280168118e+01
-5.459832109976875927e+02,-5.135473092011145724e+01,2.191792599350633708e+01
3.338614327987029355e+02,-2.940293225396213472e+01,3.174254697483046073e+01
7.949871098498222182e+02,3.897399654571937333e+01,-6.245144041316709149e+01
3.858266409582436154e+02,1.549069205141620387e+02,1.923651519174939750e+01
-5.191568444737458776e+01,1.901805497821207780e+01,2.814925966078199693e+01
3.747674245003206579e+02,-2.657785924415485113e+01,-1.218220805376020621e+01
2.730693433252856721e+02,1.440317803347779204e+02,4.992366193762070026e+01
8.815550029695393732e+02,2.515172464007081885e+02,-8.556710808589507167e+01
4.825826400353662393e+00,-3.445019798674745459e+01,2.266547954388185104e+01
6.374034556520230126e+02,9.307961170571574883e+01,-5.575250547828473202e+01
4.679323124638237914e+02,-6.758423385459535382e+01,-3.289947398120045818e+01
-1.640244049549437477e+02,7.690365461030178551e+01,4.796959138940165701e+01
8.008603010905630981e+01,-6.169139891357704641e+01,-3.290115661817449677e+01
1.189148488315179293e+02,-4.093129710274253341e+01,7.486639644845496377e+00
4.045130672811751538e+02,1.062426156932909151e+02,-7.118013347816487624e+01
-5.980478856287174949e+02,-7.463316155898482407e+01,5.441775341849486125e+01
7.078538405455983593e+02,6.833737237981388546e+01,3.387718124117638752e+01
5.231220546858012312e+02,1.367844200904276590e+02,-7.893025043470530022e+00
-8.266699857481089566e+02,-3.785032462722445246e+01,4.517610123591467186e+01
-1.831402857990565280e+02,6.538368170900854182e+01,-1.010446010971016051e+01
-6.690275315909586880e+02,-9.436500504816839907e+01,3.785507786818372722e+01
-5.012012707447067896e+02,-9.132833843283989950e+01,4.748652853331019230e+01
-1.023326974801173037e+02,-9.506008751966783166e+01,-3.476322558443447974e+01
7.181305736468955274e+02,9.751407201087978649e+01,-9.203222713898675522e+01
-3.289792640511381023e+02,-1.030470748949782802e+02,-1.131250788275033869e+01
2.482084261061434063e+02,6.743352986981939523e+01,5.014100722885693528e+00
-1.638517928225314790e+01,-1.585690182877826260e+00,-2.107951638673544892e+01
-1.105792678571066745e+03,-8.720517213999130490e+01,5.216243351706146569e+01
-1.705057238691870225e+02,1.476629964281001151e+01,-1.846974204926185337e+01
-5.223894147722605794e+02,-8.536086202834820824e+01,3.359951604753298682e+01
-3.592038097679021575e+02,3.894012101479115984e+01,-1.405148453042546919e+01
-6.866119554022270677e+01,2.522535025373194628e+01,4.140949909272161733e+01
-2.114258901927041734e+01,8.121155019517966878e+01,-2.412874213725157801e+01
3.170182485475997964e+02,-9.250615421317186815e+01,4.853263549050753767e+01
2.699477310875408875e+00,6.941440979810268175e+01,-1.409473822259967335e+01
-3.858275175873586704e+01,-6.658405891922259912e+01,2.591652510179635271e+00
4.675017155076584459e+02,1.094835172903825509e+02,-7.142429987855864226e+01
-6.004067583059428443e+02,-7.338617548230186571e+01,5.354317850886960883e+01
-1.028658548559040355e+03,-8.423856196229394300e+01,3.950487663878211464e+01
-8.573069608249206794e+02,-5.539058110256015510e+01,2.081151828866625664e+01
-9.043520146732776084e+02,-1.087597874653468040e+02,3.086335367420228692e+01
1.149551167171493944e+02,-2.390262769514446006e+01,5.812397420002945125e+01
-6.593525376968826777e+02,-7.796769708483722638e+01,3.604824571594052429e+01
-2.569324954413932574e+02,-1.030006780443623455e+02,6.609291812039117531e+00
1.124866073489965856e+01,9.533012223196745083e+01,-4.741459372429218888e+00
-6.514808491486645607e+02,-4.549496394179342929e+00,2.929509596508263414e+01
-2.901603880482188060e+02,5.498279891867964864e+01,2.520694792019308039e+01
1.752869849686112502e+01,3.809896146876927503e+01,4.688171739897337176e+01
-9.581764422253231714e+02,-6.632766588251794815e+01,3.482219430778134495e+01
1.369947105304804609e+02,-6.847652801568032999e+01,4.737103970440962541e+00
7.643736835221391175e+02,1.662319677041327282e+02,-7.175828311862788667e+01
3.350609062193609589e+02,4.042852262092053195e+01,4.531461660384002244e+01
-3.627491816684251944e+02,-5.427587267355922762e+01,2.425397302570031854e+01
-6.946751127950858518e+02,-1.572033011347818388e+01,1.988926914953467673e+01
1.883790801538309552e+02,1.536850150504197643e+01,-2.776258242601437587e+01
1.063077875117087387e+02,1.288454071412058966e+02,1.060836649881880334e+01
1.789599295039813569e+02,1.848445108426962236e+01,-3.428792954492713818e+01
4.505498027449546043e+02,1.030075935718170541e+02,2.273851949791068705e+01
-1.702365592586711500e+02,-1.265730735963737175e+01,-1.287508805134059742e+01
5.862458953168236349e+02,1.568449218749174179e+02,-4.641377800461769709e+01
3.021960970723337141e+02,1.179301393277881971e+00,-5.549056972866385706e+01
9.471907289100090566e+01,-2.360904189527950336e+01,1.555706164200115893e+01
2.466139145375868793e+02,1.096992348660680960e+02,5.018334089001513121e+00
8.371498002866621846e+02,2.096686965829602514e+02,2.526077812740189188e+01
-4.083735162844991464e+02,-7.721788156445209950e+01,6.701601906359982763e+00
4.175556202428290362e+02,-9.585126142750343092e+01,1.939022111887521760e+01
-2.277553397815427161e+01,-1.072877111091682139e+02,-3.865424724423024827e+01
1.803377433535272303e+02,8.383854951843328251e+01,-5.064807934750986362e+01
5.564970903062408070e+01,1.656476709063748842e+01,3.737901851712918244e+01
1.222552364279570156e+02,1.889579910435784882e+00,2.548865488243654198e+01
-4.594261480967660418e+02,-7.783487284776241211e+01,2.736470989381527019e+01
3.912080718741422061e+02,-4.912303492276566885e+01,3.956993987937934776e+00
-5.398921331758060660e+01,7.410468718787153364e+01,-7.651884139213805724e+00
2.697948955093147561e+01,-4.992030731676338462e+01,-5.362966556034416499e+01
4.267431107316299403e+02,1.356082760956004449e+02,2.886053105282606879e+01
-1.286693217778565668e+02,-9.984402822083080764e+01,3.500962041554960535e+01
-3.668370211473416020e+01,6.062865288379875039e+01,-1.754043525064203379e+01
8.504962701389149515e+01,1.349233987103299626e+01,-2.438154528000458754e+01
5.888918075542180759e+02,1.472984970504695070e+02,-5.161506093519281535e+01
2.498509377277446220e+01,-7.717966844624487521e+01,1.814285868780355315e+01
-4.969946337061817303e+02,-4.364194145073454933e+00,4.950347725236798624e+01
6.715145153860785285e+02,1.781382006726153122e+02,-6.824497126388956758e+01
4.371640390961595131e+02,5.064014058487809677e+01,-7.454772925753816537e+01
1.580656605837582447e+02,-8.354726600445674478e+01,-2.790029063806660758e+01
-4.407067657197471817e+02,-1.857675638250520933e+01,1.053231806762823908e+01
6.568480104580623902e+02,5.715186291815244601e+01,-1.113604486247427445e+02
5.949469363331133991e+02,1.497182636753864813e+02,7.877605171918482085e+00
3.815651217683366667e+02,-2.628079494547688455e+01,1.618173183769067691e+01
6.811706218436711424e+00,-4.019082601133763433e+01,-4.604054327298796068e+01
8.568604877847590160e+02,1.349619936322519038e+02,-9.145469914165961711e+01
7.196599521795028522e+02,1.096818288291628534e+02,-1.787131570261412605e+01
-2.345110380172066016e+02,-6.317327801731253345e+01,6.611266685190486214e+00
-4.383084398778145214e+02,-1.758752865382996333e+01,5.186692140536975160e+01
-2.756693174984389998e+02,-3.114874988109426113e+01,5.771679125558632251e+01
-6.246652728461413062e+00,-3.711424810236405847e+01,5.714772805119257981e+01
-2.217509127451307904e+02,-7.951252300473613843e+01,4.882718195592571675e+01
1.954208527977953054e+02,-1.018488110710457164e+02,-5.376688312839419837e+00
-4.084518413616466432e+02,-3.986428114704781933e+01,3.120305044876002043e+01
-9.343513145991616966e+02,-6.679468867147241440e+01,5.294310614090087341e+01
6.330423722418588568e+02,5.694413074955654963e+01,4.011996818622412775e+01
1.184071022218859071e+02,2.042023721036677841e+01,-9.257167620738655955e+00
3.167817647414908606e+02,-6.681647230219306266e+01,1.022227235884322738e+00
7.572962755945363824e+02,-3.622849040785982311e+01,-3.095062807060227783e+01
-2.586602749899725495e+01,6.810942020549124720e+01,2.818137505566072321e+01
-2.490402468409110952e+02,1.532282900443338747e+01,1.359332570803157836e+01
-1.495421032760252729e+02,-8.357984287683943592e+01,-3.978125622996188326e+00
-4.496343725971945560e+02,-1.564383386057637892e+01,5.042933702162017084e+01
-7.425013135504536876e+02,-2.437175752382376004e+01,2.493170668141713975e+01
-2.774334151208602179e+02,-1.891283009487653999e+01,1.279792756758914862e+01
1.999622630475269034e+02,1.456426170792468611e+00,4.716890600319992188e+00
-5.850219905608072395e+02,-3.650066887788284475e+01,1.226081960499337242e+01
-1.201352884980851741e+02,-1.131688051347693147e+02,2.160270853079899922e+01
-1.288024698079009340e+02,-1.696037055605290789e+01,4.441115477591185368e+01
-9.333770127342016849e+02,-8.190257936570378661e+01,5.229692986995396353e+01
3.087144903893886294e+02,9.080294521021581033e+01,-4.734569214367263612e+01
9.641700656850935047e+01,-2.134992455728337291e+01,-4.684101936008542566e+01
1.560382470679844573e+02,-1.110643497552714365e+02,-5.439684627976546949e+01
3.773140536062774117e+02,2.262239723987748619e+01,1.341489935756970908e+01
2.731036686747331714e+02,8.501260861724337303e+01,-6.438586352138585767e+00
-1.126387515414210156e+03,-9.005602258662685244e+01,5.130701492633849625e+01
9.195130981402871839e+01,1.719148154968458186e+01,4.604397213529669131e+01
-4.860499430574204780e+02,-4.901361848633882801e+01,-1.057542827525639950e+01
6.914264323174256788e+02,1.578831366518919026e+02,-6.733056565439974861e+01
2.984926378802745148e+02,-6.876480921456776230e+01,-7.082104145986143351e+01
5.591640883643026427e+01,1.103721025323483218e+01,-2.887599266635824335e+01
-3.879427542775200664e+02,1.565046956684794566e+01,4.634020499539521154e+01
-8.902289949840064764e+01,-1.107209045910542500e+02,3.705231723029032054e+01
-4.424229938218074949e+02,-2.328156503242473718e+01,-7.148892932045086468e+00
-5.187266513417262104e+02,-5.026965141714028107e+01,2.809373492206937684e+01
4.496696017076644694e+02,-9.054164902485626953e+01,1.862240733323831421e+01
1.834647338779902839e+02,-9.255952862357736421e+01,5.825469063592440477e+01
-1.838869960443935270e+01,1.030599422659498998e+01,-1.746999987278869071e+01
5.657830299165955239e+02,8.543500557936555140e+01,2.266808907519692440e+01
3.152468666720824331e+01,-2.970003082471166067e+01,-5.649552876387633660e+01
-6.511715733771787882e+02,-3.900539812235521708e+00,2.122747270218926019e+01
6.561553599919402586e+02,4.300352532368016512e+01,-6.726636977968738051e+00
-2.398463265069326553e+02,-1.028913581308099197e+02,5.172441990727264027e+01
-1.941961097217770202e+02,7.563079875685157560e+01,5.116532662104917506e+01
7.164927635256817666e+02,-5.295482183302627988e+01,-6.049552729557390762e+01
-4.597459902985383451e+01,7.847503611564967230e+01,2.767504995940478807e+01
-4.760282976116252485e+02,-1.046358274823124646e+01,2.925324536290428057e+01
-4.213291600922881344e+02,-8.121709876075550483e+01,3.745474414229197180e+01
2.610470575253598327e+02,1.017296681037772288e+02,-2.829395633369311724e+01
5.763124531790883793e+02,4.518367928578824433e+01,1.966257201389606735e+01
1.173885038256819371e+02,1.318477826446056724e+02,3.308013002064180341e+01
-3.743692223082449573e+02,4.254607642014114788e+01,1.374211260144513602e+01
1.176989555566381796e+03,2.668913270391087735e+02,-1.264546482447755551e+02
1.679376555027397444e+01,-1.080263174120909753e+02,-4.774388249301016174e+01
-4.214524618715832958e+02,1.569506444875672457e+01,2.093755919546032374e+01
1.950698656889244376e+01,3.372032228683291066e+01,1.895213918957793453e+01
-5.966400684737755000e+01,1.234817045229657140e+01,-1.234449049583912483e+01
1.181876030613716466e+02,-3.083993027720040914e+01,-1.694301953914771275e+01
-1.133859947717007572e+03,-1.045230889476490574e+02,5.419644101384962198e+01
-8.686674772252172261e+01,-6.789838358479343583e+00,2.650713770755218945e+01
-9.276852561791679364e+01,4.752352145622911905e+01,-1.306375793566954258e+01
2.694758870507525899e+02,1.538526116824110659e+02,5.238653293637216279e+01
-3.514862577155372492e+02,-1.111030063204254077e+02,4.220504114167284371e+01
3.752510043176857835e+02,-1.126200793387115198e+02,3.945422128909558523e+01
-3.183247334005500306e+00,9.753906228676676449e+01,-4.046720518481407680e+01
-2.409663884224826234e+02,-1.141031510757586176e+02,3.224168949375489035e+00
3.516782665392352101e+02,5.701261718537229228e+01,-2.833025592105977353e+01
4.587635957145735119e+02,1.448918145941630087e+02,-5.987288233192015241e+01
-2.643007792326067147e+02,3.663229515214273135e+01,-1.220348696097123309e+01
-3.667039135785254302e+02,-3.797632558417015503e+01,5.687738796424385157e+01
-9.188216940704439821e+02,-6.922658886403851852e+01,3.518913438298601903e+01
6.603553598351106757e+02,-3.777804937004981412e+01,-9.241571336819119153e+01
-1.490616428291491502e+01,6.259770584353036327e+01,2.037296749125094664e+01
