# z   meff
# Table 1 of https://arxiv.org/pdf/astro-ph/9812133.pdf
#
# 
0.458	23.11
0.354   22.38
0.425   22.13
0.374   21.72
0.420   22.55
0.372   22.26
0.378   22.58
0.453   23.17
0.465   23.33
0.498   23.71
0.655   23.27
0.400   22.36 
0.615   23.19
0.480   22.96
0.450   22.51
0.388   22.65
0.570   23.27
0.490   23.10
0.495   22.83
0.656   23.57
0.828   24.65
0.450   23.17
0.430   23.13
0.580   23.46 
0.763   24.47
0.526   23.15
0.172   20.17
0.619   23.80
0.592   24.42
0.550   23.51
0.180   20.43
0.374   23.52
0.472   23.11
0.430   22.57
0.657   23.83
0.612   23.69
0.320   21.86
0.579   23.48
0.450   22.83
0.581   23.09
0.416   22.57
0.830   24.32
#
0.030   16.26
0.050   17.63
0.026   16.08
0.075   18.43
0.026   16.28 
0.014   14.47
0.101   19.16
0.020   15.18
0.036   16.66
0.045   17.61
0.043   17.19
0.018   15.61
0.079   18.27
0.088   19.28
0.063   18.24
0.071   18.33
0.052   17.54
0.050   17.69
